0 0 -1 0 0 -1 0 0 0 0 -1 0 0 -1 0 -1 -1 -1 -1 -1 -1 -1 -1 -1 0 0 0 0 0 0 -1 0 0 -1 -1 -1 -1 0 0 0 0 0 0 0 -1 0 0 -1 -1 0 0 0 0 -1 0 -1 -1 -1 -1 -1 -1 -1 -1 -1 0 -1 0 0 -1 0 0 -1 0 0 0 0 0 0 0 0 0 -1 -1 -1 0 0 0 0 0 0 0 0 -1 0 0 -1 -1 0 -1 0 0 -1 0 0 0 0 -1 -1 -1 -1 0 0 0 -1 0 0 -1 -1 -1 0 0 -1 0 -1 0 0 0 0 
82 0 -1 0 0 0 -1 0 0 -1 0 0 -1 0 0 0 0 0 -1 -1 0 0 0 -1 0 0 0 0 0 0 0 -1 -1 0 -1 0 0 0 0 0 -1 -1 0 0 -1 -1 0 -1 0 0 0 0 0 0 0 0 -1 0 0 -1 0 -1 0 0 0 0 0 0 0 0 -1 0 -1 -1 -1 -1 -1 -1 0 -1 -1 0 -1 0 -1 0 -1 -1 0 -1 0 -1 0 -1 0 0 0 0 0 -1 0 -1 0 0 -1 -1 0 -1 -1 0 -1 0 0 0 0 -1 0 0 -1 0 0 0 0 -1 0 0 -1 -1 
0 0 0 0 -1 0 -1 -1 0 0 -1 0 0 0 0 0 0 -1 0 0 -1 -1 0 0 0 0 -1 -1 0 0 0 0 -1 -1 0 0 0 -1 -1 -1 0 0 -1 -1 -1 -1 -1 0 -1 -1 0 -1 -1 0 0 -1 0 -1 -1 0 -1 0 -1 0 -1 -1 0 0 -1 -1 0 -1 0 0 -1 0 0 -1 0 -1 0 0 0 0 0 0 -1 -1 0 0 -1 0 -1 0 0 0 0 0 -1 0 0 -1 0 0 -1 -1 -1 -1 0 -1 0 -1 -1 0 0 0 -1 -1 0 -1 -1 0 0 0 0 -1 0 0 
64 77 83 0 -1 0 -1 -1 -1 0 -1 -1 0 0 0 0 0 -1 -1 -1 0 -1 0 0 -1 0 0 -1 -1 -1 -1 0 0 0 0 0 0 0 0 0 0 -1 0 -1 0 -1 -1 0 0 -1 -1 0 0 0 -1 0 0 0 -1 -1 -1 0 -1 0 0 0 0 -1 0 -1 -1 -1 0 -1 0 -1 0 0 0 -1 0 0 -1 0 0 -1 -1 -1 0 0 0 0 -1 0 0 0 0 0 -1 0 -1 0 -1 -1 0 -1 0 -1 -1 0 0 -1 -1 0 -1 0 0 0 -1 -1 -1 0 0 0 0 0 0 0 
44 31 0 0 0 -1 0 -1 0 -1 0 -1 -1 0 0 -1 -1 0 -1 0 0 0 0 0 -1 0 0 0 -1 0 0 0 0 0 0 -1 0 0 0 0 -1 0 0 0 -1 0 0 -1 0 0 0 0 0 0 -1 0 0 -1 0 0 0 0 -1 -1 0 -1 0 -1 0 -1 -1 0 -1 0 0 0 0 0 0 0 -1 -1 0 -1 0 -1 0 -1 0 0 0 0 0 0 0 0 -1 -1 -1 0 0 -1 0 -1 0 0 0 -1 0 0 -1 0 0 0 0 -1 0 0 -1 -1 0 -1 -1 0 0 0 -1 0 
0 67 67 65 0 0 0 0 0 0 0 -1 0 0 -1 -1 0 0 0 -1 0 -1 0 -1 -1 0 -1 0 -1 -1 0 0 0 -1 -1 0 -1 -1 0 -1 0 -1 0 0 0 0 0 0 0 -1 0 0 0 0 -1 0 -1 -1 0 0 -1 0 0 0 0 -1 0 0 -1 0 -1 0 -1 -1 -1 0 -1 0 -1 0 0 0 0 -1 -1 0 0 0 0 0 0 -1 0 -1 0 -1 0 0 0 0 0 0 0 0 -1 0 0 -1 0 0 -1 -1 0 0 0 0 -1 0 -1 -1 0 -1 0 -1 0 0 -1 -1 
59 0 0 0 74 67 0 0 0 0 -1 0 -1 -1 0 0 0 0 -1 0 -1 0 -1 0 0 0 -1 -1 0 0 0 0 -1 0 -1 -1 0 -1 0 0 0 0 -1 0 -1 0 -1 -1 -1 0 0 0 -1 -1 -1 -1 -1 0 -1 -1 -1 0 0 0 -1 0 -1 0 0 0 0 0 -1 0 0 -1 0 0 -1 0 0 0 -1 -1 0 0 -1 -1 0 -1 -1 -1 0 -1 -1 -1 -1 -1 0 -1 -1 -1 0 -1 0 -1 0 -1 -1 0 0 0 -1 0 0 -1 -1 0 -1 -1 0 0 0 0 0 0 0 -1 
85 70 0 0 0 47 69 0 0 0 -1 -1 0 0 0 0 -1 -1 0 -1 0 -1 0 0 0 -1 0 -1 0 -1 -1 0 0 0 -1 -1 0 -1 0 -1 0 -1 -1 0 -1 0 -1 0 0 -1 -1 -1 0 0 0 0 -1 -1 0 0 -1 -1 -1 0 0 0 0 -1 -1 -1 0 0 0 0 0 0 0 -1 0 -1 0 0 0 -1 0 -1 -1 -1 -1 0 -1 -1 0 0 0 0 0 -1 -1 -1 0 -1 -1 0 0 -1 -1 -1 0 0 0 0 0 -1 -1 0 0 0 -1 -1 0 0 0 -1 -1 0 -1 0 
84 77 74 0 51 68 41 45 0 0 -1 -1 0 0 0 0 -1 0 0 0 0 -1 0 0 -1 0 0 -1 0 -1 -1 -1 0 0 0 -1 -1 -1 -1 0 0 -1 0 0 -1 0 0 -1 0 0 -1 0 0 0 0 0 -1 0 0 0 0 -1 -1 -1 0 0 -1 -1 0 -1 0 0 0 -1 -1 0 0 -1 -1 0 0 0 -1 0 -1 -1 -1 0 0 0 -1 0 0 -1 0 -1 0 -1 0 0 0 -1 0 -1 0 -1 -1 0 -1 0 0 0 -1 -1 0 0 0 0 0 -1 0 -1 0 0 -1 0 0 -1 
56 0 47 65 0 55 43 67 75 0 0 -1 -1 0 0 -1 -1 0 0 -1 -1 0 -1 -1 -1 -1 0 0 0 0 -1 -1 0 0 0 0 0 0 -1 0 -1 -1 0 -1 0 0 -1 0 0 -1 0 0 0 0 0 0 0 -1 -1 -1 0 0 -1 -1 -1 -1 -1 0 -1 0 -1 -1 0 -1 0 0 0 0 -1 0 0 -1 -1 0 0 0 0 -1 -1 -1 -1 -1 0 0 0 0 -1 -1 0 -1 0 0 0 0 0 0 -1 0 0 -1 -1 0 -1 0 -1 0 -1 0 -1 -1 0 -1 0 0 -1 0 -1 -1 
0 46 0 0 51 46 0 0 0 89 0 0 -1 0 0 -1 0 0 -1 0 0 0 0 0 -1 -1 0 0 -1 0 -1 0 -1 -1 0 0 0 -1 -1 0 -1 0 0 0 0 -1 0 0 0 0 0 0 0 -1 0 0 -1 -1 0 0 0 0 0 -1 -1 0 -1 -1 0 -1 -1 -1 0 -1 0 0 0 -1 0 0 0 0 0 0 -1 0 -1 0 0 -1 0 0 0 0 0 0 0 0 0 -1 -1 -1 -1 -1 -1 0 0 0 0 0 0 -1 0 0 0 -1 -1 0 0 -1 0 -1 0 0 0 0 0 0 
89 44 82 0 0 0 58 0 0 0 36 0 0 0 0 -1 0 0 -1 -1 -1 0 -1 0 -1 -1 -1 0 0 0 0 0 0 0 0 0 -1 -1 -1 0 -1 0 0 0 -1 0 0 0 0 -1 0 0 0 0 0 0 -1 -1 0 -1 -1 -1 0 0 -1 0 -1 0 -1 -1 0 0 0 -1 0 0 0 -1 -1 -1 -1 0 -1 -1 0 0 0 0 0 -1 -1 0 0 -1 0 0 0 0 -1 0 -1 0 0 0 0 0 -1 0 -1 0 -1 0 0 0 -1 0 0 -1 0 0 -1 0 0 0 0 0 0 0 
64 0 88 73 0 48 0 68 49 0 0 57 0 0 0 -1 0 -1 0 -1 -1 0 -1 0 0 -1 -1 0 0 0 0 0 -1 -1 0 0 -1 0 0 0 -1 0 -1 -1 -1 0 -1 -1 0 0 -1 -1 -1 0 -1 0 0 0 -1 -1 0 -1 0 0 -1 0 0 -1 -1 0 -1 0 0 0 0 0 0 0 -1 0 -1 -1 0 0 0 0 -1 0 0 0 0 -1 0 -1 0 0 0 0 0 -1 -1 -1 0 -1 0 0 0 -1 -1 -1 0 0 0 0 -1 0 -1 -1 0 0 0 0 -1 0 -1 0 0 0 
0 49 73 40 43 81 0 54 63 60 89 64 55 0 0 0 0 -1 0 -1 -1 0 -1 0 0 0 0 0 0 0 0 0 0 0 0 0 0 -1 0 0 0 0 0 -1 -1 -1 0 0 0 -1 0 -1 0 -1 -1 -1 -1 -1 -1 0 -1 -1 0 -1 0 0 0 -1 0 -1 -1 -1 -1 0 -1 0 -1 -1 0 0 -1 -1 0 0 0 -1 0 0 0 -1 -1 0 0 0 -1 0 -1 -1 -1 -1 0 -1 -1 0 0 0 -1 0 0 -1 0 -1 0 0 0 0 0 0 0 0 -1 0 0 0 0 0 -1 0 
31 62 44 49 52 0 68 31 46 86 33 57 89 61 0 0 0 0 0 -1 0 -1 0 0 0 0 -1 0 0 0 0 -1 -1 0 0 -1 0 0 0 -1 0 0 0 -1 -1 -1 0 0 -1 -1 -1 0 -1 0 -1 0 -1 0 0 0 0 -1 -1 -1 0 0 0 -1 0 0 0 0 0 -1 0 0 0 0 0 0 0 -1 -1 0 0 0 0 0 0 0 -1 0 0 -1 0 0 0 0 0 -1 0 -1 -1 0 0 0 0 0 -1 -1 -1 0 -1 -1 0 -1 -1 0 -1 0 -1 -1 -1 -1 -1 -1 -1 0 
0 55 55 88 0 0 30 85 53 0 0 0 0 67 64 0 0 -1 0 0 -1 -1 -1 -1 -1 0 -1 -1 -1 0 -1 0 -1 0 -1 0 -1 -1 -1 -1 -1 0 0 -1 0 0 -1 0 -1 0 0 -1 0 0 0 0 0 -1 -1 0 -1 0 0 0 0 -1 -1 0 0 0 -1 0 -1 0 0 0 0 0 -1 0 0 0 0 0 0 -1 -1 -1 0 0 0 0 -1 -1 -1 -1 -1 0 -1 0 0 0 -1 -1 0 -1 0 0 -1 0 0 0 0 -1 -1 0 -1 0 0 0 0 -1 0 0 0 -1 0 0 
0 73 34 53 0 32 68 0 0 0 84 81 68 34 40 69 0 -1 -1 0 0 -1 -1 -1 -1 0 -1 -1 -1 0 0 0 -1 -1 0 0 0 -1 0 -1 0 -1 0 -1 0 -1 0 0 0 0 0 0 -1 0 0 0 -1 -1 0 0 0 0 -1 -1 0 0 0 0 0 0 -1 -1 -1 -1 -1 0 -1 -1 -1 0 0 0 -1 0 0 0 0 0 0 0 0 0 0 -1 0 0 0 0 0 -1 -1 0 0 0 0 -1 0 0 -1 0 0 0 0 -1 0 0 -1 0 0 0 -1 0 0 -1 0 -1 0 -1 
0 55 0 0 73 35 80 0 38 53 86 74 0 0 33 0 0 0 0 -1 0 0 0 -1 -1 0 -1 -1 -1 0 -1 -1 -1 -1 0 -1 0 0 0 0 0 0 -1 -1 -1 -1 0 0 0 0 -1 0 0 0 -1 -1 -1 0 0 -1 0 -1 0 0 -1 -1 0 -1 0 0 0 0 0 0 0 -1 0 0 -1 0 -1 -1 0 0 0 -1 0 0 -1 0 -1 0 0 0 -1 0 -1 0 0 -1 0 0 0 -1 0 -1 0 -1 0 0 -1 0 0 -1 0 0 0 -1 0 -1 -1 0 0 -1 -1 0 -1 0 
0 0 38 0 0 45 0 85 48 36 0 0 62 77 47 73 0 50 0 0 0 0 0 0 0 -1 0 -1 0 -1 -1 -1 0 0 0 0 -1 0 0 0 0 -1 0 0 0 -1 -1 -1 0 0 0 -1 0 -1 0 -1 -1 0 0 0 0 0 0 -1 -1 -1 0 0 0 0 -1 0 0 0 0 0 0 0 0 -1 0 -1 0 -1 0 0 0 0 0 -1 -1 -1 -1 -1 -1 -1 0 0 0 0 0 0 0 -1 -1 -1 -1 0 0 -1 0 -1 -1 -1 -1 0 -1 0 -1 0 -1 0 0 -1 0 0 0 0 
0 0 86 0 36 0 60 0 53 0 62 0 0 0 0 61 59 0 77 0 0 -1 0 0 0 -1 0 0 -1 -1 0 0 -1 -1 0 0 0 -1 0 -1 -1 -1 -1 -1 -1 0 -1 0 0 -1 0 -1 -1 -1 0 0 -1 0 0 -1 0 -1 0 0 0 0 0 0 0 -1 -1 0 -1 -1 -1 0 0 0 0 -1 -1 -1 -1 0 0 -1 -1 0 -1 -1 0 0 0 0 0 0 0 0 0 0 0 0 0 0 -1 0 -1 0 0 0 -1 -1 -1 -1 0 0 0 -1 0 0 0 0 0 0 0 0 -1 0 
0 76 0 86 37 54 0 58 77 0 66 0 0 0 83 0 33 44 56 58 0 -1 0 -1 0 -1 0 -1 0 -1 -1 0 -1 0 0 0 -1 -1 0 0 -1 -1 0 -1 -1 0 -1 0 0 0 0 0 -1 0 0 -1 0 0 0 -1 0 0 0 -1 0 0 -1 0 0 -1 -1 0 0 0 0 0 0 0 0 0 0 0 0 0 0 0 -1 -1 0 0 0 0 0 0 -1 -1 -1 0 0 0 0 0 -1 -1 -1 0 -1 0 -1 0 -1 0 0 0 0 0 0 -1 0 -1 0 -1 -1 -1 0 -1 0 0 
0 31 0 0 76 0 52 0 0 65 51 41 54 70 0 0 0 53 45 0 0 0 0 0 0 0 0 0 -1 -1 0 0 -1 0 0 -1 0 0 -1 0 -1 0 0 0 -1 0 -1 -1 0 0 -1 -1 0 -1 -1 -1 0 0 0 0 0 0 0 -1 0 0 0 0 0 -1 -1 0 0 -1 -1 -1 -1 -1 0 0 -1 -1 0 0 -1 0 -1 0 0 -1 0 -1 -1 0 0 0 -1 0 -1 -1 0 0 0 0 0 -1 -1 -1 0 0 -1 0 0 0 -1 0 -1 0 0 0 0 -1 0 0 0 0 0 -1 
0 77 64 43 83 46 0 50 79 0 47 0 0 0 54 0 0 72 51 62 50 69 0 0 -1 -1 0 -1 0 -1 0 0 -1 0 0 -1 0 0 0 0 0 0 -1 -1 -1 0 0 0 0 0 0 0 0 0 0 -1 0 -1 -1 0 0 0 0 0 -1 0 0 -1 -1 0 0 -1 0 0 -1 -1 0 0 0 -1 0 0 0 0 0 -1 0 0 0 -1 -1 -1 0 -1 -1 -1 0 0 0 -1 -1 0 0 0 -1 0 0 0 0 0 -1 0 -1 0 0 0 -1 0 0 0 0 0 -1 0 -1 -1 0 -1 
0 0 51 41 49 0 56 86 78 0 63 81 44 63 34 0 0 0 58 40 0 39 36 0 -1 0 -1 0 -1 0 0 -1 -1 -1 -1 -1 0 0 0 -1 -1 0 -1 -1 0 0 -1 -1 -1 -1 -1 0 -1 -1 0 -1 0 -1 -1 0 0 0 -1 0 0 0 0 0 0 0 0 0 -1 -1 0 0 -1 -1 0 0 0 -1 0 0 -1 -1 0 0 0 -1 0 0 -1 0 0 -1 0 -1 -1 0 0 -1 0 0 0 0 -1 -1 -1 -1 0 -1 0 0 -1 -1 0 -1 0 0 0 0 -1 -1 0 0 -1 0 
57 45 75 0 0 0 31 83 0 0 0 0 64 40 38 0 0 0 87 74 83 31 0 0 0 0 0 0 -1 0 0 0 0 -1 0 -1 -1 0 -1 -1 0 0 0 0 0 0 0 -1 0 -1 0 0 0 0 -1 0 0 0 -1 -1 -1 0 0 -1 0 0 -1 0 -1 0 0 0 -1 0 0 -1 0 -1 -1 0 0 0 0 0 0 -1 0 0 0 0 0 -1 0 -1 0 0 -1 -1 0 0 0 -1 0 0 0 -1 0 -1 0 -1 -1 -1 -1 -1 -1 0 0 0 0 0 -1 -1 0 0 0 0 -1 0 
75 61 59 58 30 47 61 0 85 0 0 0 0 80 41 49 51 61 0 0 0 61 0 67 36 0 -1 -1 -1 -1 -1 -1 -1 0 -1 0 0 -1 -1 -1 0 0 0 -1 -1 -1 0 0 0 0 0 0 0 0 -1 -1 -1 -1 0 -1 0 0 0 0 0 0 0 0 0 0 0 0 -1 -1 0 0 0 0 0 -1 -1 -1 0 0 0 0 -1 0 0 0 0 -1 0 0 -1 0 0 0 0 0 -1 -1 -1 0 -1 0 0 0 0 0 -1 0 -1 0 -1 -1 0 0 0 0 0 0 0 0 0 0 -1 0 
88 54 0 67 74 0 0 54 76 85 41 0 0 43 0 0 0 0 41 46 86 79 31 0 83 0 0 0 -1 -1 -1 -1 -1 -1 -1 0 0 -1 -1 0 -1 -1 -1 0 0 -1 0 0 0 0 -1 -1 -1 -1 -1 -1 0 -1 0 0 -1 -1 -1 0 0 0 -1 0 -1 -1 -1 0 0 -1 -1 0 -1 0 -1 0 0 0 0 -1 0 -1 0 0 0 -1 0 0 -1 0 0 -1 -1 -1 0 0 0 0 0 -1 0 0 0 0 -1 0 0 0 -1 -1 0 -1 0 0 0 -1 -1 0 -1 -1 -1 0 -1 -1 
37 30 0 0 69 57 0 0 0 82 47 68 47 81 82 0 0 0 0 30 0 59 0 41 30 0 67 0 -1 -1 -1 0 -1 -1 0 0 0 0 0 0 0 0 0 0 0 -1 -1 0 0 -1 0 0 0 -1 0 0 0 0 0 0 -1 -1 -1 0 -1 -1 0 0 0 0 0 0 0 0 0 -1 0 0 0 0 0 0 -1 0 0 0 0 0 0 -1 -1 0 -1 0 0 -1 0 0 -1 0 0 -1 0 0 0 0 0 0 -1 -1 0 -1 0 0 -1 0 0 -1 0 -1 -1 -1 0 0 0 -1 -1 0 
43 69 48 0 0 0 32 32 67 62 0 76 46 39 62 0 0 0 89 0 57 0 36 0 0 0 0 0 0 -1 0 0 0 -1 0 0 -1 0 0 -1 -1 0 0 0 -1 0 -1 -1 0 -1 -1 0 0 -1 -1 0 0 0 -1 0 0 0 -1 0 0 -1 -1 -1 -1 -1 -1 0 0 0 0 -1 0 0 0 0 -1 -1 -1 -1 -1 0 0 0 0 0 0 -1 0 -1 0 0 -1 -1 -1 0 -1 -1 0 -1 -1 -1 0 -1 0 -1 0 -1 -1 0 -1 -1 0 -1 0 -1 -1 0 0 0 0 -1 -1 -1 
48 87 88 0 85 0 37 0 0 53 89 64 33 76 63 30 31 73 0 0 0 0 0 75 63 0 0 0 0 0 0 0 0 0 0 0 0 0 0 0 0 0 0 -1 -1 0 0 0 0 -1 -1 0 0 -1 0 0 0 0 0 -1 0 0 -1 -1 0 0 -1 -1 -1 0 -1 0 -1 -1 0 -1 0 0 -1 -1 0 -1 -1 -1 -1 -1 0 0 -1 0 -1 -1 0 0 0 0 0 0 -1 -1 0 0 0 0 0 -1 -1 -1 0 0 -1 0 0 -1 0 0 0 -1 -1 -1 0 -1 0 0 -1 0 -1 0 
0 49 57 0 60 64 34 0 0 0 0 61 46 57 44 0 55 0 0 57 0 70 83 62 72 0 0 0 50 79 0 0 0 0 0 -1 0 0 -1 0 -1 0 0 0 0 0 -1 -1 0 -1 -1 0 0 0 -1 0 0 -1 0 -1 0 -1 -1 0 0 -1 0 0 0 0 0 0 0 0 0 0 0 -1 0 0 -1 0 -1 -1 -1 -1 0 0 0 -1 -1 0 0 0 0 0 0 -1 0 -1 0 0 -1 -1 0 -1 0 -1 -1 -1 -1 0 0 -1 0 0 0 0 -1 -1 0 0 -1 -1 0 0 0 0 
77 0 57 86 63 44 81 60 0 0 53 51 84 36 0 52 35 0 0 55 43 53 54 0 45 0 0 33 69 77 41 0 -1 0 -1 -1 0 -1 0 -1 0 0 -1 0 0 -1 0 -1 -1 -1 0 0 0 0 -1 -1 -1 0 0 0 0 -1 0 0 -1 -1 0 0 -1 0 0 0 -1 0 0 0 -1 -1 0 -1 0 0 0 0 0 -1 0 0 -1 -1 0 -1 0 0 0 -1 0 -1 0 0 0 -1 -1 0 0 0 -1 0 0 -1 -1 0 0 0 -1 0 -1 -1 -1 -1 0 -1 0 0 0 -1 0 -1 
30 0 0 30 86 60 0 37 83 52 0 46 0 65 0 0 0 0 55 0 0 0 0 0 47 0 0 0 36 89 78 0 0 0 -1 0 -1 -1 -1 0 0 0 -1 0 0 -1 0 0 0 0 -1 -1 0 0 0 -1 -1 0 -1 0 0 0 -1 0 0 0 0 0 0 0 0 -1 0 0 0 0 -1 0 0 -1 0 -1 -1 -1 0 -1 0 -1 -1 0 -1 0 -1 0 0 0 0 -1 -1 0 0 0 0 0 -1 -1 0 0 -1 0 0 0 0 0 0 -1 0 0 -1 -1 0 -1 0 0 -1 0 -1 0 
0 40 0 78 35 0 41 72 47 43 0 66 0 30 87 31 0 0 34 0 61 64 35 0 0 56 0 0 0 89 72 60 89 0 0 0 -1 0 0 0 -1 -1 0 0 -1 0 0 -1 0 0 0 -1 0 0 -1 -1 0 -1 -1 -1 0 -1 0 -1 -1 -1 0 0 0 0 -1 -1 0 0 -1 0 -1 0 0 0 -1 0 -1 0 0 0 0 -1 0 -1 0 0 0 -1 0 0 -1 -1 0 -1 -1 0 0 -1 0 0 -1 0 0 -1 -1 -1 0 -1 0 0 0 0 -1 0 0 0 -1 -1 -1 -1 0 0 
0 0 40 56 32 0 0 0 88 36 86 58 32 80 54 0 47 88 36 56 50 40 70 0 56 0 0 33 58 37 42 0 0 59 0 0 0 0 -1 0 0 -1 -1 0 0 0 0 0 0 0 0 -1 0 0 -1 -1 0 -1 0 0 0 0 0 -1 0 0 0 0 0 0 0 0 -1 0 0 0 -1 -1 -1 0 0 0 -1 -1 -1 0 -1 0 0 0 -1 0 0 -1 0 0 -1 -1 0 0 -1 -1 -1 0 0 0 0 -1 0 -1 0 0 0 0 0 -1 -1 0 -1 0 0 0 -1 -1 0 0 0 0 
0 80 86 79 0 64 0 0 0 56 49 84 39 66 0 71 43 0 65 44 53 0 0 0 0 58 45 79 73 64 0 0 41 48 67 0 -1 -1 -1 -1 -1 -1 0 -1 -1 0 -1 0 0 0 -1 0 0 -1 0 0 0 -1 -1 0 -1 0 -1 0 -1 0 -1 -1 0 -1 0 0 0 0 0 -1 -1 -1 0 0 0 -1 0 0 0 0 -1 0 -1 0 0 0 0 -1 0 -1 0 0 0 -1 -1 0 -1 0 0 -1 0 0 -1 0 0 -1 0 0 -1 -1 0 0 -1 0 -1 0 0 0 0 0 -1 -1 
0 59 46 43 59 0 47 74 0 51 41 0 0 35 55 0 56 53 0 64 0 57 42 50 0 72 77 41 0 33 76 59 0 0 48 0 0 0 0 0 0 0 -1 -1 -1 -1 -1 0 0 0 0 0 0 0 0 -1 -1 -1 0 0 0 0 0 0 0 -1 0 0 -1 -1 0 0 0 0 0 -1 -1 0 -1 0 -1 -1 -1 0 0 0 -1 0 0 0 -1 0 0 -1 0 0 0 0 0 -1 -1 0 0 -1 0 0 0 0 -1 0 0 0 0 0 0 -1 -1 0 0 -1 -1 -1 -1 0 0 0 0 -1 
53 49 0 69 58 0 0 0 0 65 0 0 87 0 70 0 0 83 69 0 0 57 79 35 36 0 0 48 88 55 47 0 0 72 90 0 49 0 0 -1 0 -1 0 0 0 0 0 -1 0 0 -1 -1 0 0 -1 0 0 -1 -1 0 -1 -1 0 -1 -1 0 -1 0 0 0 0 -1 0 0 0 -1 0 0 -1 0 -1 0 -1 -1 0 -1 -1 -1 0 0 -1 0 0 0 0 0 -1 -1 0 0 0 0 0 0 -1 -1 0 -1 0 0 0 -1 0 -1 0 -1 -1 0 0 0 -1 0 0 0 -1 0 -1 0 
63 50 0 60 82 63 33 32 0 0 0 0 72 78 49 0 72 33 41 76 76 0 75 70 0 0 0 89 36 45 0 45 0 85 0 0 47 79 0 0 -1 0 0 0 0 0 0 0 -1 -1 0 -1 0 0 0 0 -1 0 -1 0 0 0 0 -1 0 0 0 0 0 0 0 0 0 0 -1 0 -1 -1 0 0 -1 -1 0 -1 0 0 0 0 0 -1 -1 0 0 0 -1 0 -1 0 0 0 -1 0 0 0 -1 0 -1 -1 0 0 0 -1 0 0 0 0 -1 -1 0 -1 0 0 0 -1 -1 -1 -1 0 
77 89 0 87 63 0 41 0 33 82 80 60 73 42 0 0 0 58 48 0 87 64 69 0 0 0 64 59 0 82 69 0 54 38 37 0 50 0 76 0 0 0 0 -1 -1 -1 -1 0 0 -1 -1 0 -1 0 0 -1 0 0 0 0 -1 -1 -1 0 0 -1 -1 -1 -1 0 0 0 -1 -1 0 -1 -1 0 -1 0 0 0 0 -1 0 0 -1 -1 0 -1 -1 0 0 -1 -1 -1 -1 0 -1 -1 0 -1 0 0 -1 -1 0 0 0 0 0 -1 -1 0 0 0 -1 0 0 0 -1 0 -1 0 0 -1 0 -1 
61 0 53 86 0 68 57 75 88 0 0 0 0 71 67 0 63 90 48 0 0 0 73 0 83 37 0 39 0 70 0 72 53 0 88 0 76 76 0 77 0 0 -1 0 -1 0 -1 0 0 0 -1 0 -1 0 0 0 0 -1 -1 0 -1 0 -1 0 0 -1 -1 0 -1 0 -1 -1 -1 -1 -1 -1 0 -1 0 0 -1 0 -1 -1 -1 0 -1 0 0 0 -1 -1 0 -1 0 -1 0 -1 0 0 -1 -1 0 -1 0 -1 0 -1 0 -1 0 0 -1 0 0 0 0 0 0 -1 0 0 0 0 0 0 0 -1 
30 0 75 0 33 0 40 0 0 0 87 89 36 82 30 48 0 88 0 0 0 73 63 65 76 81 0 37 84 87 48 70 85 0 0 0 49 0 60 36 86 0 -1 -1 0 -1 -1 0 0 -1 -1 -1 0 0 -1 -1 0 -1 0 0 -1 -1 0 0 -1 0 0 -1 0 -1 -1 0 0 -1 -1 0 0 -1 0 0 -1 -1 0 -1 0 0 -1 -1 -1 -1 -1 -1 -1 0 -1 0 -1 -1 0 -1 0 -1 0 0 -1 0 -1 -1 -1 0 0 0 0 0 -1 -1 0 0 -1 0 0 0 -1 0 -1 0 0 0 
66 85 0 41 76 63 0 0 54 47 69 73 0 38 33 41 33 0 75 0 77 83 0 0 36 69 0 81 51 48 88 0 0 40 0 83 0 41 44 82 0 0 0 0 -1 0 0 0 0 -1 -1 0 -1 -1 0 0 -1 -1 0 0 0 0 0 0 0 0 -1 -1 -1 -1 0 -1 0 0 -1 0 -1 0 -1 0 -1 0 -1 0 0 -1 0 0 0 -1 -1 0 0 0 -1 -1 -1 0 0 0 -1 0 0 -1 0 -1 -1 0 0 0 -1 -1 0 0 -1 0 0 -1 0 -1 -1 0 0 0 -1 -1 0 0 
78 42 0 0 32 69 68 43 89 0 49 85 0 0 0 0 0 0 89 0 0 45 0 0 31 0 33 89 49 0 71 66 31 43 53 0 0 32 34 0 90 0 52 0 -1 0 0 -1 -1 0 0 0 0 -1 -1 -1 0 0 -1 0 0 0 -1 0 0 0 -1 -1 0 -1 0 0 -1 -1 0 -1 -1 -1 0 0 0 0 -1 0 0 -1 0 0 0 0 0 0 0 0 0 0 -1 0 -1 0 0 0 -1 -1 0 0 0 0 -1 -1 0 0 -1 0 0 -1 -1 -1 -1 -1 -1 -1 0 -1 0 0 0 0 
0 0 0 45 0 42 0 0 0 68 77 0 0 0 0 62 75 0 66 0 0 0 0 59 58 0 80 86 0 0 53 74 70 0 57 0 0 30 54 0 0 81 0 0 0 -1 0 0 -1 -1 -1 -1 -1 0 -1 0 0 0 0 0 -1 0 -1 -1 0 -1 0 0 -1 0 0 0 0 0 -1 0 -1 0 -1 0 0 -1 0 0 0 0 0 0 -1 -1 -1 -1 0 -1 0 -1 0 0 0 0 0 0 -1 -1 0 0 0 0 0 0 0 -1 -1 0 0 0 -1 0 0 0 -1 0 0 0 0 0 -1 -1 
49 0 0 0 80 58 67 81 52 33 0 30 46 0 0 87 0 0 0 33 84 86 40 61 56 0 0 0 87 42 52 0 0 40 75 87 0 55 78 0 35 0 64 40 0 0 0 -1 -1 0 -1 0 -1 0 0 -1 -1 -1 -1 0 -1 -1 0 0 0 -1 0 0 0 0 0 0 -1 -1 -1 0 -1 -1 0 -1 0 0 -1 0 0 -1 -1 -1 0 -1 0 0 0 -1 -1 0 -1 0 -1 0 0 -1 0 0 -1 0 -1 -1 0 0 0 0 -1 -1 -1 -1 0 0 0 0 -1 -1 -1 -1 -1 0 -1 0 
84 49 0 0 36 47 0 0 43 0 59 43 0 71 72 0 57 30 0 0 0 0 75 0 67 68 30 0 0 83 0 56 84 65 55 0 0 44 56 0 0 0 40 36 70 41 0 0 -1 0 0 0 -1 0 0 0 0 -1 -1 0 0 -1 0 0 0 -1 0 -1 0 0 0 -1 -1 0 0 0 0 -1 0 -1 0 -1 0 0 0 0 -1 0 0 0 0 -1 0 -1 -1 0 0 0 0 0 0 -1 -1 0 -1 0 0 -1 0 0 0 -1 0 -1 0 -1 0 -1 0 0 -1 0 -1 0 -1 0 -1 0 
0 0 34 50 0 74 0 32 0 40 61 86 0 33 47 84 68 41 0 48 36 0 55 0 0 88 65 55 0 53 0 0 39 0 71 38 33 0 32 42 56 68 88 0 59 0 32 0 0 0 -1 -1 0 0 0 0 -1 0 -1 0 -1 0 -1 0 0 -1 0 -1 -1 0 0 0 -1 -1 0 -1 0 0 -1 0 0 0 -1 -1 -1 -1 0 0 0 0 -1 0 -1 -1 0 0 -1 0 -1 0 -1 -1 0 0 0 0 -1 -1 0 0 0 -1 -1 0 0 0 -1 -1 -1 0 -1 -1 -1 0 0 0 -1 0 
0 55 0 43 54 45 0 50 90 87 88 56 41 78 0 0 30 43 46 86 70 86 36 0 53 87 84 54 65 35 90 0 47 60 76 88 88 42 0 57 59 69 63 0 0 0 0 32 0 -1 -1 -1 0 0 0 -1 -1 0 -1 -1 -1 0 -1 0 0 0 -1 -1 0 -1 0 0 0 -1 0 0 0 -1 0 -1 0 -1 -1 0 0 -1 -1 0 0 -1 -1 -1 0 -1 0 0 -1 0 -1 0 -1 -1 0 0 0 0 0 -1 0 -1 0 -1 0 -1 -1 -1 -1 0 -1 0 0 -1 0 0 0 -1 -1 -1 
42 61 0 0 63 0 46 0 43 0 74 0 38 0 0 83 33 80 87 0 65 45 80 0 0 38 72 0 0 0 0 0 71 32 74 66 89 71 0 0 31 0 0 58 0 70 82 62 0 0 0 0 0 0 0 -1 0 -1 0 -1 0 0 0 0 0 0 0 -1 -1 0 -1 -1 0 -1 -1 0 -1 -1 0 0 -1 -1 0 0 0 -1 -1 -1 0 0 0 0 0 0 0 0 -1 0 0 -1 0 0 -1 0 -1 0 -1 0 0 -1 -1 0 0 0 -1 0 0 0 0 -1 0 -1 -1 0 0 0 -1 -1 
72 87 72 0 39 81 83 0 0 61 75 34 0 42 0 45 79 0 88 87 87 0 34 0 79 47 0 56 0 0 0 51 0 81 81 0 42 0 87 0 0 0 0 87 0 0 58 0 0 86 0 0 0 0 0 -1 0 0 0 0 -1 -1 -1 -1 0 0 0 0 0 -1 -1 0 -1 0 0 0 0 -1 0 -1 -1 0 0 -1 -1 0 -1 0 -1 -1 -1 0 -1 0 0 0 -1 -1 0 0 0 -1 0 0 0 -1 0 -1 0 -1 0 0 -1 0 0 0 0 0 -1 -1 -1 0 0 0 0 -1 0 0 
79 83 0 81 43 52 43 0 67 57 55 69 0 0 82 0 63 88 0 0 54 0 85 73 60 71 0 63 36 39 90 59 0 0 0 69 54 0 0 55 56 0 55 80 0 42 42 0 0 89 66 0 0 0 0 -1 -1 -1 0 0 0 -1 -1 0 0 0 0 -1 0 0 -1 0 -1 -1 -1 -1 0 -1 -1 -1 0 0 0 0 0 0 -1 0 -1 0 0 0 0 0 -1 0 -1 0 -1 -1 0 -1 0 0 0 0 -1 0 0 -1 -1 -1 0 -1 -1 0 -1 -1 0 0 0 0 -1 -1 0 0 0 0 
47 45 0 49 39 84 0 35 62 72 77 43 0 71 0 37 0 85 84 0 0 40 63 0 88 89 0 69 75 75 55 59 74 61 75 68 38 57 66 0 0 34 0 87 0 0 0 85 67 32 33 78 0 0 -1 0 0 0 0 0 0 0 0 0 0 0 -1 -1 -1 -1 0 -1 0 0 -1 -1 0 0 -1 0 -1 0 0 -1 -1 -1 0 0 -1 0 -1 -1 -1 -1 -1 -1 0 0 0 0 0 0 0 0 0 0 0 0 0 -1 -1 0 -1 0 0 0 0 0 0 0 0 0 0 0 -1 -1 -1 0 
0 64 89 54 74 79 0 55 41 40 0 46 53 0 75 63 87 46 0 0 89 0 79 0 41 52 0 0 0 0 77 69 66 60 48 0 64 38 45 82 59 36 0 0 84 38 37 52 78 36 63 30 72 0 0 -1 -1 0 0 -1 0 0 -1 0 0 0 -1 0 -1 0 -1 -1 -1 -1 0 -1 -1 -1 0 -1 -1 -1 0 -1 -1 0 0 0 0 0 0 0 -1 -1 0 0 0 0 -1 -1 -1 0 -1 0 0 -1 0 0 0 -1 0 0 0 0 0 0 0 -1 -1 0 0 0 -1 -1 0 0 -1 -1 
41 83 32 0 0 0 0 46 46 31 70 50 0 0 0 86 43 0 60 89 68 0 73 88 0 0 0 66 0 90 0 0 59 0 0 30 55 0 48 81 33 0 64 0 0 74 58 73 55 81 48 76 0 82 0 0 0 -1 -1 -1 0 0 0 -1 -1 -1 0 0 -1 0 0 -1 0 0 0 -1 0 0 0 -1 -1 0 0 0 0 0 0 -1 0 0 0 0 -1 0 -1 0 0 0 -1 0 -1 -1 0 0 -1 0 0 0 0 0 -1 -1 0 0 -1 0 -1 0 -1 0 -1 -1 0 0 0 -1 0 0 
0 42 0 66 64 76 0 70 34 65 87 62 56 0 84 33 58 0 0 33 0 0 0 0 85 0 0 34 59 41 76 0 0 0 0 60 0 40 90 0 42 0 35 0 40 0 80 33 0 0 0 0 59 0 77 0 -1 0 0 -1 -1 0 -1 0 0 -1 0 -1 0 0 0 -1 0 0 0 0 -1 -1 -1 0 0 0 0 -1 -1 0 0 -1 0 0 0 -1 -1 0 0 0 0 -1 0 0 0 0 0 -1 -1 0 0 0 0 0 0 0 -1 0 0 0 0 0 0 0 0 -1 0 0 0 0 -1 0 
0 0 48 65 57 0 0 0 0 34 0 0 52 0 0 64 0 0 0 0 44 77 75 43 78 0 30 70 60 68 67 0 0 35 58 89 0 46 0 57 86 73 0 90 42 0 36 0 0 57 68 0 73 0 57 0 0 0 0 -1 0 0 0 -1 0 0 0 -1 0 -1 0 0 0 -1 0 -1 -1 0 -1 -1 -1 -1 0 0 -1 0 0 0 0 0 0 -1 -1 -1 0 0 0 0 0 0 0 0 0 -1 0 -1 -1 0 -1 0 0 0 -1 0 0 -1 -1 0 -1 -1 -1 -1 0 -1 0 0 0 0 
0 38 0 42 0 0 70 0 74 0 0 0 35 0 79 0 0 62 53 35 54 37 0 0 48 0 0 45 56 42 0 82 65 0 0 0 0 0 40 53 0 0 0 83 52 0 0 57 52 0 39 0 71 63 0 83 35 0 -1 0 -1 0 -1 0 -1 0 0 0 0 0 0 -1 -1 0 0 0 -1 0 -1 0 -1 0 0 -1 0 -1 0 0 0 -1 0 0 -1 -1 0 -1 -1 -1 -1 -1 -1 -1 -1 -1 -1 0 0 0 -1 0 0 0 -1 -1 0 -1 -1 0 -1 0 0 -1 -1 0 0 -1 0 -1 
0 72 0 0 34 33 0 49 42 0 34 82 0 0 66 0 72 48 34 63 68 35 0 0 0 63 36 78 0 57 38 38 0 0 62 0 32 0 0 78 0 48 83 0 68 0 0 0 0 38 60 52 45 88 0 50 82 0 0 0 -1 -1 0 0 0 0 0 -1 0 -1 0 -1 -1 0 -1 -1 0 0 0 0 -1 -1 -1 0 0 0 -1 0 0 0 -1 -1 0 0 0 -1 0 0 0 0 0 0 0 0 -1 0 0 0 0 -1 0 0 -1 0 0 0 -1 0 0 -1 0 -1 0 0 0 0 -1 -1 
0 0 49 0 79 54 0 49 45 0 88 0 0 82 31 68 90 0 39 0 0 35 64 51 0 0 74 37 34 0 0 81 87 0 56 41 65 52 79 70 60 38 83 63 83 75 73 62 0 0 83 43 71 0 0 0 0 52 65 0 0 -1 -1 0 0 0 -1 0 0 0 -1 0 0 0 0 0 0 -1 -1 0 -1 0 0 -1 0 0 -1 0 0 0 0 0 0 0 0 0 -1 0 -1 -1 -1 0 -1 0 -1 0 -1 -1 -1 -1 0 0 -1 0 0 -1 -1 0 0 0 0 0 0 -1 0 0 -1 0 
0 77 0 0 55 0 0 0 70 69 52 0 68 0 42 0 42 87 63 81 63 63 61 86 0 57 0 0 48 61 75 71 88 48 77 0 57 0 75 0 0 0 52 47 0 0 56 0 0 71 0 70 57 58 43 0 80 0 0 51 0 -1 0 -1 0 0 -1 0 0 0 -1 0 0 0 0 -1 0 -1 0 0 0 0 -1 0 0 0 0 -1 -1 -1 0 0 0 0 0 -1 -1 -1 -1 0 -1 0 -1 0 0 0 -1 -1 -1 0 0 -1 -1 0 0 -1 -1 -1 0 0 -1 0 0 0 -1 -1 0 -1 
0 0 32 52 46 50 30 0 0 70 30 0 0 0 0 56 79 0 84 0 63 57 40 84 39 82 0 0 58 37 0 0 79 0 34 73 60 0 38 0 74 0 85 67 73 0 0 74 41 73 0 0 76 43 69 64 53 88 0 0 0 0 0 -1 -1 0 -1 0 0 0 0 -1 0 0 -1 -1 -1 0 0 0 0 -1 0 -1 0 0 -1 0 0 -1 -1 0 -1 0 -1 0 0 0 -1 0 -1 -1 -1 0 -1 -1 -1 -1 -1 -1 0 0 -1 0 -1 -1 0 -1 -1 0 0 -1 0 0 0 -1 0 0 
0 75 0 0 0 50 76 0 0 0 41 47 82 70 0 73 0 60 32 60 45 88 70 0 67 87 0 0 0 0 0 53 0 79 68 0 51 69 31 0 0 30 77 0 0 61 51 0 0 78 0 0 66 0 48 0 51 0 74 0 74 65 0 0 -1 0 0 -1 0 0 -1 -1 -1 0 -1 -1 0 0 0 -1 0 -1 -1 0 -1 0 -1 -1 -1 0 0 -1 0 0 0 0 0 0 -1 -1 0 0 0 0 -1 0 0 0 -1 0 0 0 0 0 -1 0 -1 0 0 -1 0 0 -1 -1 0 0 0 -1 
0 74 61 86 0 73 36 60 0 0 0 71 36 0 0 53 0 56 0 30 0 0 41 37 0 51 78 30 37 0 53 31 48 0 0 83 84 0 0 72 31 72 77 87 0 59 57 39 70 77 0 43 52 77 0 66 0 36 63 37 0 0 70 0 0 -1 0 -1 0 -1 -1 -1 0 0 0 -1 0 0 0 0 0 0 0 0 0 0 0 0 0 -1 -1 0 -1 -1 0 -1 -1 -1 -1 0 -1 -1 -1 -1 0 -1 0 -1 -1 0 -1 -1 -1 0 0 -1 -1 -1 -1 -1 0 -1 0 -1 -1 0 -1 0 
74 62 0 30 81 60 0 45 41 0 0 0 0 84 50 88 86 0 0 72 77 73 0 32 36 38 30 0 65 78 69 0 68 0 89 0 82 0 70 41 74 0 66 82 84 59 34 55 64 89 85 64 37 37 0 68 79 0 73 88 68 0 0 56 0 -1 0 0 0 0 -1 -1 -1 0 0 -1 0 0 0 0 0 -1 0 -1 0 -1 -1 -1 0 -1 -1 -1 0 0 -1 0 0 0 0 0 0 -1 -1 -1 0 0 0 -1 0 0 -1 -1 -1 -1 -1 0 -1 0 0 0 0 0 -1 0 0 0 0 -1 
0 33 0 61 0 0 38 87 65 0 79 57 67 50 62 0 73 0 0 68 47 80 40 43 76 49 85 0 0 59 0 0 77 0 37 76 0 53 68 0 0 69 74 74 0 0 0 0 76 44 50 69 38 46 0 0 43 60 75 35 49 42 48 0 0 0 -1 0 0 0 0 -1 -1 0 0 0 0 -1 0 0 -1 0 0 0 0 0 -1 0 0 0 -1 0 0 0 -1 0 -1 -1 -1 -1 0 -1 0 0 0 0 0 0 -1 0 0 -1 0 -1 -1 0 0 -1 0 -1 -1 -1 0 -1 -1 -1 -1 -1 
89 54 47 65 84 89 0 88 0 0 0 0 76 30 35 0 54 57 83 74 0 32 61 58 0 61 0 61 0 0 30 58 90 41 67 0 61 0 54 0 0 49 0 0 44 57 52 32 0 88 62 30 0 0 36 64 54 90 77 0 0 0 76 62 84 0 0 0 -1 0 -1 0 0 0 0 0 0 0 0 0 0 0 0 0 0 0 -1 -1 0 0 -1 -1 0 0 0 0 0 -1 0 0 0 0 0 -1 0 0 -1 -1 0 0 0 -1 0 -1 -1 0 -1 -1 0 0 -1 0 -1 -1 0 0 0 0 
67 73 57 0 0 36 71 0 0 65 0 33 0 0 0 84 42 0 70 36 86 30 0 35 61 63 59 39 0 0 45 88 77 58 37 0 74 80 71 0 84 0 0 0 37 54 0 0 0 0 79 0 0 66 84 0 0 82 0 88 49 34 0 0 78 89 64 0 -1 0 0 0 0 0 0 -1 -1 0 0 0 0 0 0 -1 0 -1 0 0 0 -1 0 0 0 0 0 -1 0 0 -1 -1 -1 0 0 0 0 -1 0 0 -1 0 0 0 0 -1 0 -1 0 0 -1 0 -1 0 -1 0 -1 0 0 0 
0 82 0 82 37 0 52 0 78 0 76 0 0 73 84 74 47 36 41 84 74 37 0 31 0 74 0 56 0 0 59 0 76 63 80 84 0 71 69 0 0 32 0 72 0 74 75 0 33 0 59 58 0 0 0 56 31 47 61 46 69 81 51 65 87 88 0 0 0 0 0 0 0 -1 -1 0 0 0 0 -1 0 -1 0 -1 -1 0 0 -1 -1 0 0 0 0 0 0 0 -1 0 -1 0 0 0 0 0 0 -1 -1 0 0 0 0 0 -1 -1 0 -1 0 0 -1 -1 0 -1 0 -1 0 -1 0 -1 
52 56 0 0 0 52 32 0 0 47 0 0 48 0 84 79 78 42 76 0 0 0 88 81 33 90 0 51 0 64 49 56 38 79 59 0 0 88 73 73 80 0 0 0 47 64 34 30 0 64 0 60 0 46 75 63 0 36 0 59 33 34 77 0 34 84 74 37 75 0 -1 -1 0 -1 -1 0 -1 -1 0 -1 -1 0 -1 -1 0 0 0 -1 -1 -1 0 -1 0 -1 -1 0 0 0 -1 -1 0 -1 -1 -1 0 0 -1 0 0 -1 0 0 -1 0 0 0 -1 0 -1 0 0 0 -1 0 0 0 0 -1 
45 0 30 0 0 0 64 90 39 0 0 45 0 0 87 0 0 67 0 0 0 0 42 46 33 86 0 50 0 0 66 54 83 0 74 79 76 90 48 67 0 0 59 61 78 42 80 84 80 0 0 0 54 0 51 83 63 44 37 0 0 44 0 0 0 86 0 35 86 0 0 0 -1 -1 -1 0 0 0 0 0 0 -1 0 -1 -1 0 0 -1 -1 0 0 0 -1 -1 0 0 0 0 0 -1 0 0 -1 0 -1 0 -1 0 0 0 -1 0 0 0 0 -1 0 0 -1 0 -1 -1 0 0 0 0 0 0 
0 58 0 0 43 30 62 71 67 0 0 38 56 0 51 79 0 78 41 89 39 32 0 57 47 63 65 47 53 37 64 69 0 0 68 42 49 0 65 52 0 45 0 66 58 56 0 79 68 0 41 70 0 0 0 0 72 0 0 34 31 0 0 0 0 0 56 74 67 0 32 0 -1 -1 -1 0 -1 -1 0 0 0 -1 -1 0 0 0 0 0 0 -1 0 -1 0 -1 -1 -1 0 -1 0 0 0 0 -1 0 0 -1 -1 -1 0 0 0 0 0 -1 0 0 -1 0 0 0 0 0 -1 -1 0 0 -1 0 
82 0 31 83 0 0 0 78 36 55 53 63 36 0 66 0 0 30 72 0 51 79 51 0 0 0 82 40 82 0 50 0 75 89 0 48 57 67 85 0 0 53 68 0 78 0 0 0 70 57 0 0 63 0 31 51 40 0 0 72 62 44 0 72 0 0 48 55 49 30 0 0 0 -1 0 0 -1 0 0 0 0 0 -1 -1 -1 0 -1 0 0 0 -1 0 -1 -1 -1 0 -1 0 0 -1 0 0 -1 -1 0 0 0 0 0 -1 0 0 0 0 0 -1 -1 0 0 0 0 -1 0 0 -1 0 -1 -1 
63 0 85 0 84 0 64 88 0 0 0 0 30 51 0 88 0 81 46 0 54 0 65 0 70 0 0 32 58 0 54 80 87 37 42 63 78 83 44 0 0 0 74 0 47 0 73 0 0 0 87 0 63 0 84 55 0 62 35 45 33 48 50 82 48 31 51 76 0 0 0 0 0 0 -1 0 0 0 -1 0 -1 0 -1 0 -1 0 -1 0 -1 0 -1 0 -1 0 0 0 0 -1 -1 0 -1 -1 0 -1 0 0 -1 -1 0 -1 -1 0 0 0 0 -1 -1 -1 0 -1 -1 -1 0 0 0 0 -1 0 
90 0 0 84 75 0 82 67 0 84 70 76 81 0 59 42 0 82 30 0 31 0 0 77 79 55 0 36 54 90 88 35 61 0 73 40 53 32 0 74 0 0 0 36 0 0 73 33 48 0 82 0 0 83 90 88 62 90 0 71 34 0 0 79 44 88 31 73 0 0 0 0 48 0 0 0 0 0 0 0 -1 0 -1 0 0 -1 -1 -1 -1 0 -1 -1 -1 -1 0 -1 -1 0 0 -1 0 -1 0 -1 0 0 0 -1 0 -1 0 0 0 0 0 -1 -1 0 -1 -1 -1 0 0 -1 0 0 0 0 
56 0 31 0 33 55 0 90 43 76 82 68 80 90 73 42 30 0 90 89 51 0 0 57 0 31 62 0 0 0 55 53 45 33 74 0 0 0 40 0 0 34 34 0 63 67 83 0 43 68 32 0 0 0 0 77 0 33 0 81 0 0 0 0 0 55 63 0 79 53 84 87 39 48 65 0 0 0 -1 -1 0 0 0 0 0 -1 0 0 -1 -1 -1 -1 -1 0 -1 0 -1 0 0 -1 -1 -1 0 -1 -1 -1 0 0 0 0 0 0 -1 0 -1 0 -1 0 0 0 -1 -1 -1 0 0 0 -1 -1 
65 0 84 49 64 0 83 69 45 31 51 48 77 0 86 75 0 33 70 83 38 0 57 0 78 32 0 55 45 36 59 0 0 0 0 0 0 39 0 0 40 48 0 0 0 0 65 88 45 0 57 57 87 0 86 0 0 0 31 90 83 0 90 78 51 79 40 0 81 0 75 0 0 66 59 58 0 -1 0 0 0 0 0 0 -1 0 0 0 0 0 0 -1 0 -1 -1 -1 0 -1 0 0 -1 -1 -1 0 -1 -1 -1 0 0 0 0 0 -1 0 0 -1 -1 0 -1 0 -1 0 0 0 0 -1 0 -1 
74 0 0 84 63 46 33 0 0 54 0 0 56 0 83 52 0 64 83 67 82 0 46 0 0 75 80 34 60 73 0 0 45 85 0 0 66 76 0 73 0 0 48 0 36 0 0 53 0 0 0 0 73 0 41 0 40 42 76 0 0 51 52 52 84 0 37 39 66 0 69 0 90 43 76 73 0 0 -1 -1 -1 0 -1 0 0 -1 0 0 0 0 -1 0 0 0 -1 -1 0 0 0 0 -1 0 -1 0 -1 0 -1 0 0 0 0 0 -1 -1 0 -1 -1 -1 -1 0 -1 -1 0 0 0 -1 -1 0 
51 77 66 79 88 0 0 75 0 0 43 0 0 75 72 0 0 0 53 90 39 66 68 64 0 71 0 33 64 0 79 62 36 62 0 67 0 0 72 0 67 54 0 81 0 85 68 0 39 69 44 0 0 82 77 0 0 0 75 0 50 39 55 50 83 63 74 85 32 80 48 84 62 0 82 0 63 0 0 -1 0 -1 -1 -1 0 -1 -1 -1 -1 -1 0 -1 -1 0 0 -1 0 0 0 0 -1 -1 0 0 0 0 0 0 0 -1 0 -1 -1 0 0 -1 0 -1 0 0 -1 0 -1 -1 -1 0 0 0 
89 0 0 0 70 48 83 0 87 70 39 0 70 81 85 78 90 77 0 0 60 54 0 64 83 0 37 62 63 0 49 0 0 41 46 90 65 33 85 79 51 69 54 44 59 0 0 72 0 75 0 0 35 0 0 63 0 32 90 41 59 32 0 40 80 60 44 60 0 0 44 44 35 57 65 0 75 0 0 0 0 -1 -1 0 0 -1 0 0 0 -1 0 -1 0 0 0 -1 -1 0 0 0 0 0 0 0 -1 0 0 0 0 -1 -1 0 0 -1 -1 -1 -1 0 0 0 0 -1 0 0 -1 0 -1 -1 
68 0 46 33 0 39 79 61 47 60 56 0 0 0 55 87 85 0 70 0 47 0 78 65 49 0 52 34 0 46 0 36 69 0 54 67 0 0 0 41 0 0 0 83 87 34 59 67 80 0 0 53 0 0 0 52 0 0 0 0 57 63 30 74 40 0 56 79 67 0 82 73 90 0 0 37 66 0 44 81 0 0 -1 -1 -1 -1 0 0 -1 0 0 -1 0 -1 0 -1 0 -1 0 0 -1 -1 0 0 0 -1 -1 -1 -1 0 0 0 0 0 0 0 -1 0 0 0 -1 -1 -1 0 -1 0 -1 -1 
0 65 90 42 0 62 87 79 61 0 70 40 0 0 0 71 30 0 0 0 78 0 54 0 81 0 55 90 0 0 30 65 0 44 79 0 0 55 0 65 64 0 83 68 0 90 0 60 0 0 54 62 82 0 50 55 0 82 0 79 33 0 0 64 0 90 31 90 0 78 0 0 41 70 56 80 75 40 0 0 89 0 -1 0 0 -1 0 0 -1 0 0 0 -1 -1 0 0 -1 -1 0 0 0 0 -1 -1 -1 0 0 -1 -1 0 -1 0 0 -1 0 -1 -1 -1 0 -1 -1 0 0 0 0 -1 -1 -1 
0 0 84 0 65 52 0 79 0 0 46 0 35 41 0 58 0 65 70 0 66 68 30 37 43 43 48 0 0 0 0 34 0 0 0 60 0 0 38 34 0 73 0 0 86 0 53 0 0 65 71 59 72 67 36 42 82 78 0 56 0 39 0 32 43 35 87 77 63 0 60 0 0 0 0 31 65 0 0 0 0 0 0 -1 0 -1 0 0 0 -1 0 -1 0 -1 0 -1 0 0 0 0 0 0 0 -1 -1 -1 0 0 0 -1 -1 0 0 0 -1 0 0 0 -1 0 -1 -1 -1 0 -1 0 0 -1 
0 60 41 82 0 0 0 0 61 32 33 0 86 49 48 77 89 82 0 70 62 84 41 70 89 54 0 55 0 0 0 47 0 30 0 36 45 0 0 0 0 0 34 70 48 64 33 0 48 60 0 32 0 0 50 0 33 0 45 0 54 0 36 81 0 43 58 0 0 0 0 60 0 38 40 48 60 50 0 34 0 87 0 0 0 -1 0 -1 0 0 0 0 0 -1 -1 0 0 -1 0 -1 0 0 -1 -1 0 -1 -1 -1 0 -1 0 0 -1 0 0 0 -1 -1 0 -1 -1 -1 0 -1 0 0 0 0 
75 0 79 48 54 0 36 86 0 70 0 39 55 81 68 87 70 38 84 30 68 0 33 0 75 71 59 45 0 0 0 87 62 56 0 68 66 45 56 47 0 54 65 69 62 80 63 0 41 43 0 44 0 0 57 0 0 77 60 75 65 55 0 53 79 48 32 35 0 44 0 42 0 0 79 74 0 70 76 51 0 76 39 62 0 0 -1 -1 0 0 0 0 0 -1 0 0 0 -1 -1 -1 -1 0 -1 0 0 0 -1 -1 0 0 0 -1 -1 -1 -1 -1 -1 -1 -1 -1 0 0 0 0 0 -1 -1 0 
61 74 68 0 0 47 78 0 0 58 68 76 45 0 88 0 49 0 83 0 35 74 0 0 0 86 0 43 56 0 0 0 0 30 89 42 74 0 86 67 41 79 0 0 63 0 63 0 0 0 71 88 0 49 39 57 36 0 55 50 34 45 84 74 0 79 81 0 38 37 39 47 32 78 0 0 31 0 0 0 0 0 0 0 40 0 0 -1 -1 0 -1 0 0 0 0 0 -1 0 0 0 0 -1 0 0 0 -1 0 -1 0 -1 0 0 0 0 0 0 0 -1 -1 -1 -1 0 -1 -1 0 0 0 0 
73 0 0 0 82 51 0 0 0 50 0 30 0 61 32 0 47 78 30 0 0 0 48 51 74 0 89 41 51 62 76 38 73 40 0 0 0 0 36 0 0 0 69 86 89 0 0 90 0 0 0 0 66 65 79 88 79 62 0 0 88 0 0 58 0 0 0 59 36 54 50 81 0 0 0 67 60 64 0 50 32 46 47 60 0 75 0 0 -1 0 0 0 0 -1 -1 0 0 0 0 0 -1 0 0 0 -1 0 -1 0 0 -1 0 0 0 0 0 -1 -1 0 0 -1 -1 -1 0 0 0 0 -1 0 
55 0 0 0 0 71 0 0 80 0 59 58 60 72 37 0 61 45 35 60 0 59 61 40 53 51 41 68 59 69 75 78 0 0 38 57 46 0 68 0 61 0 84 60 57 0 52 84 40 0 37 37 79 68 0 0 38 69 54 68 0 43 0 57 0 81 0 61 0 0 0 30 39 42 0 44 37 73 0 86 51 64 63 0 0 0 51 0 -1 0 0 0 0 0 -1 0 0 -1 -1 0 0 -1 -1 0 0 0 0 0 -1 0 0 -1 -1 0 0 0 -1 -1 -1 0 0 -1 0 -1 0 0 -1 0 
42 64 72 42 80 55 48 0 31 0 31 36 80 34 67 61 60 0 36 0 41 64 60 37 57 45 32 88 64 0 56 0 0 58 49 0 32 59 78 72 36 0 79 89 0 38 36 79 65 77 0 0 0 64 58 40 72 46 63 34 0 59 0 30 47 69 57 74 0 0 0 57 38 0 0 0 70 81 0 89 0 0 61 62 62 0 0 0 0 0 -1 -1 -1 -1 -1 0 0 0 0 -1 0 0 0 -1 0 0 0 -1 0 0 0 0 -1 0 0 -1 0 -1 0 -1 0 0 0 0 0 -1 -1 -1 
67 0 38 44 68 37 0 67 37 0 0 0 51 0 51 67 71 78 0 0 32 0 0 0 89 78 0 0 59 72 0 0 74 0 59 50 36 81 0 0 46 0 0 60 0 0 68 89 0 59 0 62 63 53 53 38 61 0 62 49 0 0 62 0 0 52 45 0 31 0 70 0 85 90 35 0 87 47 0 0 84 87 0 43 60 88 66 36 77 0 -1 -1 0 0 0 0 0 0 -1 0 0 -1 -1 -1 0 0 -1 -1 0 0 -1 0 0 0 0 0 0 -1 0 -1 -1 0 0 -1 0 -1 0 -1 
78 54 0 33 43 77 0 0 0 0 47 0 58 0 0 72 51 0 0 65 66 46 0 43 75 42 67 0 46 0 0 59 0 35 0 50 0 0 0 0 0 0 0 75 0 34 77 0 0 75 0 81 0 61 42 62 90 74 0 33 43 0 61 0 0 0 0 48 49 63 35 46 0 0 0 0 74 0 47 79 65 63 59 45 60 0 61 61 0 0 0 0 0 -1 -1 -1 0 0 0 0 -1 -1 0 0 0 0 -1 0 0 0 0 -1 0 0 -1 0 0 0 0 0 0 0 0 -1 0 -1 0 -1 
71 0 64 46 35 0 0 0 53 0 35 61 0 80 61 56 54 67 0 76 57 0 0 75 0 0 41 49 0 0 31 0 32 58 78 47 89 53 54 39 0 0 32 88 0 41 0 40 0 49 61 64 0 75 53 0 0 42 0 85 80 47 0 40 0 36 0 90 72 0 61 0 86 34 0 0 0 44 0 0 0 77 0 73 65 90 66 68 0 0 88 0 -1 0 -1 -1 0 -1 -1 0 -1 -1 0 0 -1 -1 0 -1 0 0 0 0 0 -1 0 0 0 0 0 0 0 0 0 0 -1 -1 0 -1 
0 47 0 0 66 87 89 40 30 72 89 60 53 60 62 0 50 69 0 39 48 0 45 0 81 60 0 0 69 61 63 45 0 74 45 75 48 84 35 58 72 0 89 80 83 88 80 0 38 33 0 72 0 0 0 0 0 0 90 73 57 0 66 0 82 73 36 36 40 56 0 31 0 0 0 0 46 48 0 32 35 0 54 52 34 60 60 69 0 31 58 0 0 0 0 0 -1 0 -1 -1 -1 0 -1 -1 0 -1 -1 -1 -1 -1 0 -1 0 0 0 0 -1 -1 0 0 0 0 0 -1 -1 0 0 -1 
78 0 87 38 38 0 0 66 0 58 88 0 0 77 0 0 0 70 0 78 63 34 0 59 0 82 43 79 0 36 69 64 54 0 0 0 0 65 30 0 0 48 49 75 0 0 0 0 0 53 75 84 0 0 42 77 0 0 45 33 70 83 50 0 38 50 60 40 78 0 0 0 0 65 0 54 0 84 32 65 0 0 0 0 0 53 0 86 0 45 0 60 81 0 -1 0 -1 0 0 0 0 0 -1 0 0 -1 -1 0 -1 0 -1 0 0 0 0 0 0 0 0 -1 -1 0 0 0 -1 0 0 -1 
82 68 77 32 81 45 0 61 58 68 32 32 37 0 68 0 65 0 0 58 0 52 0 64 31 0 72 79 49 66 36 52 81 52 78 83 74 66 0 0 44 0 0 76 81 0 0 79 89 78 88 0 0 52 0 65 33 30 90 75 33 0 40 48 0 0 55 45 68 0 46 0 0 39 60 0 0 0 35 87 46 65 38 0 62 75 0 0 0 30 0 0 69 0 0 0 0 0 -1 -1 0 -1 0 -1 0 -1 0 0 0 -1 -1 0 -1 0 0 -1 -1 -1 -1 -1 0 -1 0 0 0 -1 -1 0 
0 61 86 79 47 0 0 85 0 38 43 75 33 44 64 0 88 73 0 63 0 78 0 0 69 51 0 0 86 39 84 0 73 83 34 0 30 63 57 0 0 45 0 62 0 47 66 71 54 74 61 89 0 33 84 70 45 0 0 62 0 64 68 0 69 63 84 0 37 38 43 0 65 32 0 63 0 0 0 0 0 48 0 70 87 39 68 43 35 36 0 0 30 57 86 0 0 -1 0 0 -1 0 0 0 0 -1 -1 0 0 0 0 -1 -1 0 -1 0 0 -1 0 0 -1 0 -1 -1 0 -1 -1 0 
0 62 86 52 0 76 0 53 67 0 68 62 60 0 41 0 54 0 30 46 0 0 35 54 0 31 0 86 0 48 81 37 31 0 0 70 86 0 0 0 67 0 0 0 42 0 38 0 0 0 0 0 58 67 41 50 36 0 72 0 0 77 50 0 33 0 68 87 0 77 37 42 0 57 0 0 68 57 68 0 55 0 62 85 58 0 47 59 87 53 72 87 0 0 90 69 0 0 0 0 0 -1 0 0 0 0 0 0 0 -1 0 0 0 0 -1 -1 -1 0 -1 -1 0 0 0 0 -1 0 0 0 
71 74 77 49 0 34 0 0 0 0 30 39 65 0 55 86 72 32 53 32 44 36 76 0 0 66 0 41 0 85 0 0 0 0 0 80 35 0 67 81 0 0 85 35 77 57 54 63 85 66 0 89 31 46 44 0 39 0 67 49 0 71 68 0 40 0 0 33 61 51 88 0 45 0 71 55 0 35 82 51 0 0 68 0 0 62 84 0 58 70 33 0 47 85 46 0 65 0 -1 -1 -1 0 0 0 -1 0 -1 0 -1 0 0 0 -1 0 0 -1 0 -1 -1 -1 0 0 0 0 0 0 0 0 
0 87 0 0 0 35 36 0 82 55 38 0 33 0 70 0 82 82 88 51 63 0 46 0 30 66 83 0 0 0 81 67 0 41 71 70 56 44 81 0 82 69 72 0 56 0 42 0 0 32 40 0 85 0 0 36 60 0 75 0 0 0 0 0 47 0 49 0 0 0 39 75 43 0 48 86 57 35 64 48 37 46 83 62 0 70 54 0 85 0 57 0 0 40 0 84 87 0 0 -1 -1 0 0 -1 0 0 -1 -1 -1 -1 -1 -1 0 0 -1 0 0 0 -1 -1 0 0 0 0 -1 -1 0 0 
74 0 43 86 54 86 0 0 46 0 0 73 0 0 0 65 0 0 72 30 37 0 0 85 34 57 71 42 69 0 0 33 59 0 83 0 0 42 68 0 72 0 66 74 55 31 66 80 56 0 36 0 82 0 59 58 68 0 34 0 40 59 0 39 72 0 32 0 51 0 0 38 0 87 0 0 48 66 68 40 50 49 31 0 0 70 76 59 0 50 56 84 0 71 0 59 32 0 0 0 0 0 0 -1 -1 -1 -1 -1 0 0 -1 0 0 -1 0 -1 -1 -1 -1 0 -1 0 -1 -1 0 -1 -1 0 
76 30 80 0 36 38 0 74 71 45 0 0 0 31 39 66 0 74 81 34 40 42 0 55 82 0 66 44 0 49 68 67 61 0 0 0 0 67 0 54 0 36 0 47 77 73 40 0 0 82 48 49 80 0 0 45 32 0 86 0 0 0 46 0 74 52 50 0 88 77 68 45 52 0 68 0 0 0 0 69 0 32 33 69 0 57 0 34 32 72 0 0 0 59 38 0 59 0 0 30 0 0 0 -1 0 -1 -1 0 0 -1 -1 0 0 -1 0 0 0 0 -1 -1 0 -1 0 0 0 0 -1 -1 
0 0 0 70 0 65 0 0 0 54 0 54 0 0 0 43 43 49 58 52 40 55 88 0 0 0 59 0 0 47 47 0 85 89 0 50 32 86 81 0 0 0 31 76 34 0 0 0 0 75 0 0 39 70 0 71 75 0 64 74 41 0 59 0 0 0 66 57 39 0 60 42 50 0 0 0 0 49 0 34 0 71 89 68 43 0 33 0 65 0 0 0 31 56 0 87 0 56 54 53 77 0 0 0 0 -1 0 -1 0 0 0 0 0 -1 -1 0 0 0 -1 0 -1 -1 0 -1 -1 0 0 -1 
86 55 52 0 49 68 32 0 65 42 0 63 74 0 0 0 63 89 65 71 0 88 52 42 34 0 88 89 75 51 0 0 89 45 0 0 55 42 85 33 86 46 69 0 0 87 0 59 77 0 77 86 38 0 62 51 40 0 35 0 0 0 66 0 0 74 88 85 71 0 0 0 0 34 53 89 0 0 67 40 35 0 30 0 0 42 73 0 53 0 85 81 0 0 51 52 84 44 87 54 85 49 0 0 -1 -1 0 0 0 0 0 0 -1 0 0 -1 -1 0 -1 -1 -1 0 -1 0 0 0 0 0 
58 34 63 0 0 51 0 52 0 52 0 76 0 74 57 0 58 0 0 83 0 74 68 53 44 32 0 84 0 52 0 45 36 0 77 75 0 34 77 63 0 89 0 0 0 79 48 50 69 39 73 46 43 48 50 0 0 0 33 81 39 49 38 0 0 34 0 77 38 0 44 65 0 0 0 0 78 51 64 41 46 0 0 0 72 82 90 71 0 0 52 80 0 72 0 31 90 51 0 0 0 55 30 0 0 -1 -1 -1 0 -1 -1 0 -1 0 0 -1 -1 -1 0 0 0 -1 0 0 0 0 0 0 
78 0 0 77 83 0 65 34 67 52 0 72 41 32 81 83 37 83 0 0 0 84 0 84 86 0 57 89 0 41 54 53 0 78 40 65 62 0 0 0 33 0 57 58 33 0 0 69 46 0 50 86 55 69 0 0 32 0 0 0 75 0 0 32 45 75 69 85 87 64 0 47 71 54 59 0 0 0 35 0 41 0 0 74 35 51 0 69 40 36 45 0 64 53 36 39 66 0 50 0 59 62 0 68 0 0 0 0 -1 0 -1 -1 -1 -1 -1 -1 0 0 0 0 -1 0 -1 0 0 0 0 0 
76 0 0 0 77 67 0 0 0 78 87 39 55 51 41 0 0 0 0 71 59 0 72 72 0 75 38 77 0 0 0 89 0 65 76 0 60 0 37 0 0 40 0 81 80 58 66 44 77 62 0 79 62 0 52 39 0 35 59 75 57 0 43 0 72 62 71 0 0 69 65 0 39 77 42 0 0 84 66 52 0 49 0 0 84 0 73 39 38 84 79 0 0 0 0 0 60 62 38 0 0 0 0 0 88 0 0 -1 0 0 0 0 0 0 0 -1 -1 -1 0 0 0 0 0 -1 -1 0 0 -1 
0 89 0 38 78 58 85 0 0 0 83 0 34 0 30 36 88 81 0 0 0 0 34 0 64 64 63 63 49 0 73 0 82 0 51 57 79 32 0 89 82 0 0 46 71 0 32 0 64 0 58 0 66 40 54 73 0 34 85 0 0 0 89 89 73 89 0 53 0 0 0 0 41 0 70 48 0 0 63 61 0 81 47 0 0 51 0 50 45 0 0 59 0 0 72 0 36 0 0 0 0 84 76 0 32 33 0 -1 -1 -1 -1 0 -1 0 0 0 0 0 0 -1 0 -1 0 0 -1 0 -1 0 
0 0 0 0 0 0 0 0 64 36 65 73 0 87 67 59 45 0 74 85 84 0 62 0 0 44 58 44 0 0 0 78 81 59 0 67 86 0 0 45 0 0 48 31 37 0 0 0 0 49 0 43 42 50 46 84 35 42 31 0 0 0 52 0 0 54 0 85 68 58 53 0 42 0 0 58 35 48 41 82 0 0 44 0 0 0 86 70 0 0 45 0 0 48 62 86 52 34 0 0 52 0 52 0 32 0 0 0 -1 -1 -1 0 -1 0 0 0 0 0 -1 -1 0 0 0 0 0 -1 0 -1 
0 0 63 0 40 65 0 87 0 32 68 0 0 75 0 0 0 87 79 90 0 64 70 0 63 50 0 0 42 66 0 32 0 50 56 0 0 54 45 32 72 0 77 0 68 71 43 49 35 67 73 61 87 82 45 36 0 0 35 0 0 0 0 0 56 0 61 0 46 64 35 86 30 73 70 39 83 34 75 51 0 0 66 51 87 34 48 0 84 77 36 32 0 0 47 41 53 0 0 83 50 42 44 71 0 38 0 0 0 0 0 0 0 -1 -1 0 -1 0 -1 -1 0 -1 0 0 0 0 -1 -1 
0 66 0 69 66 39 89 70 53 0 78 54 0 0 0 63 39 51 0 66 87 41 54 0 0 35 90 0 0 66 0 0 70 0 0 76 87 39 42 61 0 30 37 0 45 84 52 62 0 0 0 0 0 0 83 39 62 88 0 0 61 0 44 39 56 52 40 38 49 0 77 40 0 0 0 75 66 32 0 0 87 51 0 0 79 0 0 80 63 85 40 51 0 74 0 61 0 65 0 81 0 43 31 0 77 59 0 0 54 0 0 0 0 0 0 -1 -1 -1 0 0 -1 0 -1 -1 -1 0 0 -1 
85 0 50 71 0 0 83 74 52 0 56 0 40 69 0 89 88 0 42 0 0 0 0 66 0 0 48 58 78 0 0 0 85 0 57 57 51 45 36 76 77 90 0 76 48 84 76 33 53 0 65 0 0 66 0 47 80 75 73 51 69 39 73 0 0 66 53 45 86 69 0 62 77 0 36 37 63 45 86 0 53 0 0 33 72 38 38 44 48 0 38 39 43 0 0 54 58 83 0 0 0 90 66 0 0 43 0 0 82 31 0 0 0 0 -1 0 0 -1 0 0 0 0 0 0 0 0 0 0 
71 76 0 0 67 0 78 49 76 45 0 83 58 0 79 35 43 84 0 0 41 57 49 0 0 63 70 0 0 64 38 69 68 0 62 0 86 0 0 0 85 86 0 41 0 57 0 0 0 48 35 0 51 87 0 40 56 46 85 58 0 75 78 0 0 0 0 80 65 79 69 59 72 70 33 76 49 33 0 32 80 78 39 66 0 78 41 0 73 41 0 80 0 45 67 0 74 73 0 37 60 61 72 30 0 52 90 51 72 50 37 0 -1 0 -1 0 -1 0 0 0 0 -1 0 -1 0 0 -1 0 
41 31 0 0 46 54 0 49 0 0 48 47 81 62 0 86 70 43 0 0 65 54 0 47 0 0 0 38 0 85 34 78 66 58 81 48 89 46 53 0 0 48 72 0 0 0 78 0 66 35 0 34 0 67 85 0 0 0 0 0 0 0 62 0 0 42 72 81 0 0 36 53 45 44 61 0 0 0 0 44 76 77 86 0 0 45 37 0 0 52 32 90 59 53 0 0 49 0 87 37 48 47 0 0 0 85 0 0 83 81 35 0 0 -1 -1 0 0 0 -1 -1 -1 0 -1 -1 0 0 0 0 
0 52 34 49 39 64 62 0 0 86 55 55 76 62 0 0 0 0 0 0 63 75 38 56 0 59 0 83 30 0 0 87 52 0 50 69 70 0 75 62 85 63 63 53 34 0 0 82 0 41 89 0 53 85 35 89 63 0 44 60 73 79 70 35 0 0 0 0 0 33 57 0 69 78 56 68 80 0 52 0 46 0 77 71 0 68 50 84 57 48 60 0 48 68 39 89 48 33 51 0 0 0 65 87 0 44 59 38 0 81 45 81 0 0 0 0 0 0 -1 0 -1 0 0 0 0 0 -1 0 
39 88 50 0 36 79 59 0 89 0 58 0 0 50 80 0 32 66 0 71 55 0 42 0 0 0 90 0 0 85 37 0 63 49 43 0 31 66 72 30 65 0 0 63 56 0 36 74 0 0 30 0 58 55 0 38 89 44 30 78 67 0 0 62 0 0 0 84 65 32 48 71 31 60 73 0 61 36 64 0 72 65 0 47 0 37 87 37 81 57 0 46 66 57 35 0 0 73 0 56 33 0 66 34 0 40 80 74 0 34 0 0 0 45 0 -1 -1 0 -1 0 0 -1 -1 0 -1 0 0 -1 
68 0 83 60 0 47 0 36 68 48 0 38 89 43 0 73 40 81 32 78 85 36 42 0 75 0 0 84 0 86 42 65 0 66 0 0 0 0 62 74 41 0 37 0 86 0 0 88 0 79 77 79 57 81 42 51 0 0 70 0 0 0 40 0 58 42 56 0 0 67 0 48 0 0 0 81 0 0 0 0 38 0 78 59 0 48 0 61 0 36 36 61 79 72 0 51 0 0 72 0 85 63 0 0 0 0 81 41 56 0 43 70 45 49 0 0 0 -1 0 0 0 0 0 0 0 0 -1 0 
0 78 0 49 49 0 0 30 68 0 0 83 0 78 0 0 0 75 0 33 50 0 0 82 54 45 69 78 38 75 62 0 79 49 0 63 0 0 0 0 78 42 40 0 0 43 44 0 0 39 60 0 80 87 0 46 0 0 0 0 0 76 0 0 0 33 0 79 40 0 48 0 0 0 0 0 0 0 70 0 0 0 81 0 0 57 0 0 56 41 48 68 0 68 0 43 0 33 76 0 35 53 0 0 52 0 45 55 0 0 77 0 82 41 0 59 0 0 0 0 0 0 0 0 0 0 0 0 
0 42 0 47 70 31 70 68 84 79 30 0 0 63 64 74 32 0 89 0 0 53 42 0 76 32 31 0 0 0 65 0 37 41 41 50 35 67 0 50 40 72 0 0 45 38 0 0 33 30 85 0 76 0 51 78 68 58 76 31 0 0 89 0 70 0 0 43 53 86 50 52 53 0 38 43 74 0 0 69 56 0 53 0 0 0 83 0 0 0 87 53 0 79 0 0 81 0 54 0 33 74 80 0 51 0 33 40 73 0 0 38 77 67 40 0 50 0 0 -1 -1 0 0 0 -1 0 0 -1 
0 0 63 0 0 0 0 0 48 0 53 48 49 67 0 77 53 78 0 90 50 47 55 36 80 80 50 52 52 0 0 0 0 0 0 0 54 83 30 31 55 0 74 0 43 65 45 0 0 32 0 68 88 0 0 49 0 0 76 44 35 0 42 0 81 75 54 0 0 0 0 30 64 50 0 77 0 0 34 33 90 70 0 55 0 0 30 0 64 39 86 42 67 59 0 77 0 0 0 0 0 0 0 44 90 47 71 0 0 64 80 44 0 0 0 47 62 51 0 0 0 -1 0 -1 0 0 0 0 
61 43 0 0 0 0 0 0 0 0 0 71 53 64 32 58 55 0 84 79 0 65 55 71 63 42 0 0 0 0 0 0 0 59 41 86 0 78 0 54 0 45 0 0 64 81 32 35 41 0 0 60 78 51 36 38 0 69 0 45 56 35 0 0 90 0 35 54 0 40 71 68 40 0 0 80 33 37 48 35 73 0 42 0 0 0 0 88 0 0 66 68 48 0 0 79 0 0 0 80 0 38 0 87 82 56 0 0 0 43 60 31 0 31 74 58 54 0 89 0 0 0 -1 -1 -1 0 -1 -1 
32 68 0 0 38 68 76 87 73 33 37 0 43 0 0 41 0 0 0 45 51 48 47 45 0 63 0 0 0 72 32 35 63 45 52 0 0 0 58 0 38 47 0 0 0 0 0 0 82 41 0 71 39 73 0 69 0 77 38 32 0 87 51 79 87 0 0 0 85 33 0 33 38 0 0 0 0 0 0 82 0 0 0 0 77 0 0 54 78 0 71 72 70 0 36 0 56 39 79 0 37 0 0 65 0 38 77 84 80 0 43 35 0 0 74 67 37 0 53 69 0 -1 0 -1 -1 -1 0 0 
0 74 44 58 0 0 63 48 0 0 0 54 59 74 0 0 56 89 45 55 0 0 80 79 0 75 69 0 50 0 69 0 0 45 44 76 0 31 81 58 77 46 45 0 35 0 74 0 0 0 87 49 90 63 0 0 0 0 0 78 78 0 55 0 39 0 70 77 0 44 0 76 0 0 41 0 83 0 81 0 0 33 0 0 71 41 0 0 63 52 42 45 35 75 0 77 58 81 73 55 0 0 74 0 78 44 0 60 0 33 56 0 34 82 0 49 42 71 0 90 0 0 -1 -1 0 -1 0 0 
33 89 90 90 0 38 53 60 52 70 42 32 0 44 0 67 61 70 84 55 0 44 0 0 84 44 0 68 66 90 0 74 55 0 0 85 0 31 46 0 80 0 52 41 30 0 0 0 59 0 84 0 86 0 89 37 80 0 42 82 36 34 0 31 0 90 0 0 82 0 85 0 78 45 74 0 31 81 0 51 0 56 0 79 44 0 88 56 32 35 54 88 46 34 48 0 39 73 84 0 61 72 0 50 0 37 89 88 85 0 69 88 0 67 0 51 37 62 38 0 89 0 0 0 -1 0 -1 0 
0 0 31 89 56 0 65 0 55 58 79 53 48 81 0 65 0 0 0 36 0 53 44 0 51 75 0 84 86 85 0 33 68 0 0 75 71 85 0 58 63 47 60 0 90 0 53 73 72 74 76 0 30 0 79 71 0 36 81 0 62 87 0 0 69 0 0 45 0 89 71 0 87 63 0 61 60 47 0 67 79 45 80 0 64 0 61 0 41 0 0 76 0 40 37 0 74 31 61 0 69 0 32 73 46 0 73 77 83 0 55 0 0 64 68 34 31 84 0 0 0 0 51 0 0 0 0 0 
33 55 31 49 45 76 38 0 0 0 41 59 0 52 0 50 85 0 56 85 32 79 0 90 53 57 0 88 52 0 38 71 0 0 58 70 32 0 0 51 42 0 0 79 78 0 0 90 48 60 62 86 0 83 45 40 39 49 41 63 0 59 58 0 30 0 83 0 79 44 43 55 0 79 46 61 30 47 0 0 0 78 0 44 78 46 86 47 82 50 48 0 0 0 43 52 0 55 0 80 37 0 39 90 49 0 0 71 71 0 39 63 73 71 0 48 71 0 83 0 0 41 0 47 0 0 -1 0 
67 57 0 75 49 83 49 73 62 39 75 64 44 89 0 0 0 45 53 65 0 48 0 62 67 49 67 0 0 56 89 0 36 0 49 68 44 49 0 0 76 60 0 69 63 75 78 58 0 48 0 83 0 30 0 54 65 0 32 57 0 0 88 32 70 0 47 41 0 81 31 55 46 84 35 62 0 0 47 38 48 0 42 48 0 89 58 67 0 0 0 0 67 49 0 0 31 36 0 0 69 61 44 61 68 41 59 0 76 81 71 60 87 35 34 83 77 41 86 37 0 0 90 34 67 0 0 0 
59 0 69 68 0 0 30 0 31 0 74 80 81 0 0 76 46 0 75 0 76 31 69 0 0 0 0 0 0 0 79 59 0 55 84 0 53 0 0 57 61 44 68 55 0 0 0 0 0 0 37 37 0 0 63 0 40 56 0 0 87 51 37 0 90 0 88 64 63 80 66 0 0 0 72 0 39 0 81 0 0 0 86 78 0 51 0 0 0 32 51 46 45 49 0 0 77 62 68 0 0 70 43 74 90 64 0 58 0 62 88 0 68 0 83 0 82 43 88 0 54 58 0 75 0 63 0 0 
57 0 70 53 62 0 0 67 0 0 61 74 64 80 47 41 0 34 38 32 42 0 0 44 76 40 0 74 0 58 71 0 38 69 62 0 0 66 62 0 0 63 70 33 0 51 41 64 0 0 40 43 68 0 39 42 76 0 0 83 0 37 0 87 0 0 51 56 0 0 33 49 0 89 53 0 0 56 82 0 0 0 0 30 37 44 33 58 0 0 0 0 0 0 85 73 83 85 34 79 0 0 39 48 88 0 35 0 0 0 73 50 46 83 0 31 46 0 81 0 57 36 37 87 77 72 56 0 
