0 0 -1 0 0 -1 0 0 0 0 -1 0 0 -1 0 -1 -1 -1 -1 -1 -1 -1 -1 -1 0 0 0 0 0 0 -1 0 0 -1 -1 -1 -1 0 0 0 0 0 0 0 -1 0 0 -1 -1 0 0 0 0 -1 0 -1 -1 -1 -1 -1 -1 -1 -1 -1 
82 0 0 -1 0 0 -1 0 0 -1 0 0 0 0 0 0 0 0 0 -1 -1 -1 0 0 0 0 0 0 0 0 -1 0 0 -1 -1 0 -1 0 0 -1 0 0 0 0 -1 -1 -1 -1 0 0 0 -1 0 0 -1 -1 -1 0 0 -1 0 -1 0 0 
0 74 0 0 0 -1 0 0 0 -1 0 0 -1 0 0 -1 0 0 0 0 0 -1 -1 0 0 0 -1 0 0 0 0 0 0 0 -1 -1 0 -1 0 0 0 0 0 -1 -1 0 0 -1 -1 0 -1 0 0 0 0 0 0 0 0 -1 0 0 -1 0 
64 0 59 0 -1 0 0 0 0 0 0 0 0 -1 0 -1 -1 -1 -1 -1 -1 0 -1 -1 0 -1 0 -1 0 -1 -1 0 -1 0 -1 0 -1 0 0 0 0 0 -1 0 -1 0 0 -1 -1 0 -1 -1 0 -1 0 0 0 0 -1 0 0 -1 0 0 
44 89 57 0 0 0 0 -1 0 0 -1 -1 0 -1 0 -1 -1 0 0 -1 0 0 0 0 0 0 -1 0 0 -1 -1 0 0 0 0 -1 -1 0 0 0 0 -1 -1 0 0 0 -1 -1 -1 0 0 -1 -1 -1 -1 -1 0 -1 -1 0 -1 -1 0 0 
0 67 0 75 74 0 -1 0 -1 -1 0 -1 0 -1 0 -1 -1 0 0 -1 -1 0 -1 0 0 -1 0 0 -1 0 -1 0 0 0 0 0 0 -1 -1 0 0 -1 0 -1 0 0 0 0 0 -1 0 0 -1 0 0 -1 -1 -1 -1 0 -1 0 -1 -1 
59 0 77 74 89 0 0 0 0 0 -1 -1 0 -1 -1 0 0 0 0 -1 0 0 -1 0 -1 -1 -1 0 -1 -1 0 0 0 0 0 -1 -1 -1 0 -1 0 0 -1 0 0 -1 -1 -1 -1 0 0 0 0 0 0 0 0 0 0 -1 0 -1 0 -1 
85 52 31 62 0 48 34 0 -1 0 0 -1 -1 0 0 0 -1 0 0 0 -1 -1 -1 0 -1 0 0 0 0 -1 0 -1 -1 -1 0 -1 0 -1 0 0 0 -1 0 0 -1 0 0 -1 -1 -1 0 0 0 0 -1 0 0 0 0 0 -1 0 -1 0 
84 45 67 33 55 0 50 0 0 -1 -1 0 -1 0 -1 -1 0 0 -1 -1 0 -1 0 0 0 -1 -1 -1 0 0 0 0 0 0 0 -1 0 -1 0 -1 0 -1 -1 0 0 -1 -1 0 -1 0 0 0 0 0 -1 0 0 0 -1 0 0 0 0 0 
56 0 0 54 57 0 83 50 0 0 0 -1 0 0 0 0 -1 0 0 0 -1 0 0 -1 0 0 0 0 0 0 -1 0 0 -1 0 0 0 0 -1 -1 0 -1 0 -1 0 -1 -1 0 -1 0 0 0 0 0 0 0 -1 -1 0 -1 0 -1 0 -1 
0 82 70 73 0 49 0 43 0 32 0 0 0 0 0 0 0 0 0 -1 -1 -1 0 0 -1 0 -1 0 0 0 -1 0 0 -1 0 0 0 0 -1 0 0 -1 -1 0 -1 -1 0 0 0 -1 0 0 0 0 0 0 -1 0 0 -1 -1 0 0 0 
89 63 77 82 0 0 0 0 77 0 80 0 -1 0 -1 0 -1 -1 0 -1 0 -1 -1 0 0 0 -1 -1 0 -1 -1 0 -1 0 -1 0 0 0 0 0 0 0 -1 0 0 0 0 -1 0 -1 -1 0 0 -1 0 0 0 0 -1 0 0 -1 0 -1 
64 90 0 56 83 32 63 0 0 59 68 0 0 0 -1 -1 -1 0 -1 0 -1 0 0 0 0 -1 -1 0 0 0 0 0 0 -1 0 -1 0 -1 0 0 0 0 0 0 0 0 -1 0 0 -1 0 0 -1 -1 0 0 0 0 -1 0 -1 -1 0 -1 
0 56 46 0 0 0 0 81 38 58 43 54 30 0 0 -1 0 0 -1 -1 0 0 0 -1 0 -1 -1 0 0 0 0 -1 0 -1 0 -1 0 0 0 -1 -1 0 0 0 0 -1 0 -1 -1 0 -1 0 0 0 0 -1 0 -1 0 -1 -1 -1 0 0 
31 65 44 58 67 61 0 49 0 82 35 0 0 38 0 0 -1 -1 -1 -1 -1 0 -1 -1 -1 0 0 0 -1 0 -1 0 0 0 0 0 -1 0 0 -1 0 0 -1 0 0 0 -1 -1 0 0 -1 -1 0 -1 -1 -1 0 -1 -1 -1 -1 -1 0 -1 
0 74 0 0 0 0 44 54 0 63 66 46 0 0 43 0 -1 -1 0 -1 0 -1 0 -1 -1 0 0 0 -1 0 0 -1 -1 0 -1 -1 0 0 0 0 0 0 0 -1 0 0 -1 -1 0 0 0 0 -1 -1 0 -1 0 -1 0 0 0 -1 0 -1 
0 51 49 0 0 0 90 0 69 0 38 0 0 76 0 0 0 0 -1 -1 0 0 0 -1 -1 0 -1 0 -1 0 -1 -1 0 -1 0 -1 0 0 -1 -1 -1 0 0 0 0 -1 -1 0 0 -1 -1 -1 0 0 0 0 -1 -1 -1 0 0 0 0 0 
0 89 62 0 74 47 31 66 71 33 81 0 55 83 0 0 32 0 0 0 -1 0 -1 0 0 0 -1 0 -1 -1 -1 -1 0 -1 -1 0 0 0 0 0 -1 -1 -1 0 -1 -1 0 0 -1 -1 -1 0 0 0 0 0 -1 -1 0 0 0 -1 -1 0 
0 68 55 0 47 57 31 65 0 76 47 47 0 0 0 32 0 90 0 0 0 -1 -1 0 -1 0 0 -1 -1 0 0 0 0 -1 0 0 0 0 -1 0 0 -1 0 0 -1 0 -1 -1 -1 0 0 0 -1 -1 -1 -1 0 0 -1 0 0 -1 0 0 
0 0 73 0 0 0 0 42 0 32 0 0 46 0 0 0 0 69 48 0 -1 0 0 -1 0 0 0 0 0 -1 0 0 0 0 -1 -1 -1 0 0 -1 -1 0 -1 0 0 0 -1 -1 0 0 -1 -1 0 0 0 -1 0 -1 -1 -1 0 0 0 -1 
0 0 55 0 82 0 69 0 49 0 0 57 0 69 0 65 60 0 60 0 0 0 0 -1 0 -1 0 -1 0 0 0 -1 0 -1 0 -1 -1 0 -1 0 0 0 -1 -1 0 0 0 0 0 -1 0 -1 0 0 -1 0 0 -1 0 -1 -1 0 0 -1 
0 0 0 77 88 30 70 0 0 80 0 0 48 41 70 0 37 75 0 90 53 0 -1 0 0 -1 -1 0 -1 -1 -1 -1 0 0 0 0 -1 -1 0 0 0 0 0 0 -1 0 -1 -1 0 -1 0 0 -1 0 0 -1 0 0 0 0 0 0 0 -1 
0 75 0 0 73 0 0 0 60 36 54 0 39 43 0 85 72 0 0 43 30 0 0 -1 -1 0 0 -1 -1 -1 -1 -1 0 -1 0 -1 -1 0 -1 0 0 0 0 -1 0 0 -1 -1 0 0 0 0 -1 -1 -1 -1 -1 0 0 0 0 -1 -1 0 
0 61 76 0 44 31 65 52 49 0 36 64 62 0 0 0 0 61 73 0 0 53 0 0 -1 0 0 0 0 0 0 -1 0 0 -1 -1 0 -1 0 -1 0 -1 0 -1 -1 0 -1 0 0 -1 0 -1 -1 0 -1 0 0 -1 0 0 -1 0 0 0 
57 73 31 65 55 85 0 0 47 54 0 44 52 58 0 0 0 79 0 67 58 36 0 0 0 0 0 -1 -1 0 0 -1 0 -1 0 -1 -1 0 0 0 -1 -1 0 -1 0 0 0 0 -1 0 0 0 0 0 0 0 -1 0 0 -1 -1 0 0 0 
75 55 77 0 34 0 0 86 0 63 49 60 0 0 30 89 74 79 67 62 0 0 69 45 47 0 0 0 -1 -1 0 -1 -1 0 -1 -1 -1 0 -1 0 0 0 -1 0 0 0 0 0 0 -1 0 -1 0 0 -1 0 0 0 0 0 0 0 0 0 
88 42 0 60 0 31 0 30 0 39 0 0 0 0 76 83 0 0 75 41 67 0 70 54 63 30 0 -1 -1 -1 -1 -1 -1 0 0 0 0 0 0 -1 0 0 0 -1 -1 0 0 -1 0 -1 0 0 0 0 0 0 0 0 0 -1 0 0 -1 -1 
37 67 45 0 38 84 65 61 0 43 83 0 47 68 36 78 32 86 0 46 0 65 0 42 0 41 0 0 -1 0 -1 0 -1 -1 -1 0 0 0 0 0 0 0 0 0 -1 -1 -1 0 -1 0 0 0 -1 0 0 0 0 -1 0 0 0 0 0 0 
43 78 61 74 86 0 0 65 58 39 77 64 51 30 0 0 0 0 0 34 82 0 0 52 0 0 0 0 0 -1 -1 0 -1 -1 -1 0 0 -1 0 -1 0 -1 -1 0 0 0 -1 0 0 0 -1 -1 -1 -1 0 -1 -1 0 0 0 0 0 -1 -1 
48 71 54 0 0 66 0 0 90 74 78 0 71 68 38 62 75 0 49 0 46 0 0 52 41 0 0 41 0 0 0 0 -1 0 0 0 0 -1 0 -1 0 0 0 0 0 -1 0 -1 0 -1 0 0 0 -1 0 0 -1 0 0 -1 0 0 0 0 
0 0 30 0 0 0 73 82 89 0 0 0 55 80 0 59 0 0 63 74 71 0 0 78 47 79 0 0 0 61 0 0 0 0 0 0 -1 0 -1 0 -1 -1 0 -1 0 0 -1 -1 0 0 0 0 0 -1 -1 0 0 -1 0 0 0 -1 0 -1 
77 78 69 64 64 46 40 0 49 64 40 63 37 0 71 0 0 0 46 42 0 0 0 0 0 0 0 81 82 60 64 0 -1 -1 0 -1 -1 0 0 -1 -1 -1 0 -1 0 0 0 -1 -1 0 -1 0 0 -1 0 0 -1 -1 0 -1 0 0 0 0 
30 82 87 0 51 90 49 0 75 57 66 0 77 60 52 0 43 67 53 45 65 85 65 36 89 0 0 0 0 0 80 0 0 0 0 0 -1 0 -1 -1 0 0 0 0 -1 0 0 0 0 -1 0 -1 0 0 0 0 0 -1 -1 -1 0 -1 0 0 
0 0 49 54 75 84 88 0 68 0 0 68 0 0 32 70 0 0 0 70 0 82 0 32 0 76 87 0 0 32 74 0 80 0 0 -1 -1 -1 0 0 0 0 -1 0 -1 -1 0 0 0 0 -1 0 -1 0 0 0 0 0 0 -1 0 -1 -1 0 
0 0 0 0 59 41 53 83 53 34 67 0 87 52 64 0 81 0 38 0 67 62 47 0 53 0 83 0 0 75 55 46 77 34 0 -1 0 0 0 0 0 0 0 0 0 0 0 0 0 0 -1 0 0 0 0 0 -1 -1 -1 0 0 0 -1 0 
0 71 0 47 0 79 0 0 0 79 46 63 0 0 62 0 0 40 48 0 0 53 0 0 0 0 65 68 47 62 89 0 56 0 0 0 -1 0 -1 -1 -1 -1 -1 -1 0 -1 -1 0 -1 0 0 0 -1 0 -1 -1 -1 -1 0 -1 0 -1 -1 0 
0 0 40 0 0 68 0 84 74 55 39 69 45 56 0 76 32 66 53 0 0 0 0 45 0 0 68 76 71 39 0 0 0 0 63 0 0 0 -1 -1 0 0 0 -1 0 0 0 -1 -1 0 0 0 -1 0 -1 -1 -1 -1 0 -1 -1 0 0 0 
53 74 0 68 48 0 0 0 0 46 36 42 0 31 64 63 50 61 77 41 64 0 55 0 86 53 78 64 0 0 68 41 70 0 40 71 81 0 -1 0 0 -1 0 -1 0 0 0 0 0 0 0 0 -1 0 0 0 0 0 -1 0 0 0 0 0 
63 76 80 61 88 0 86 49 51 0 0 58 76 61 82 53 0 85 0 65 0 52 0 86 49 0 56 61 57 73 0 38 0 40 80 0 0 0 0 -1 0 -1 0 0 0 0 -1 0 0 0 0 -1 -1 0 0 -1 0 0 0 -1 0 0 0 -1 
77 0 59 62 57 72 0 84 0 0 49 47 34 0 0 65 0 53 79 0 53 43 84 0 41 70 0 51 0 0 62 0 0 58 43 0 0 87 0 0 -1 -1 0 0 -1 -1 -1 0 -1 0 -1 0 -1 0 0 0 0 -1 -1 -1 0 0 0 -1 
61 86 49 74 57 38 43 79 51 81 70 74 35 0 83 38 0 0 78 0 52 36 76 48 0 82 48 46 33 54 0 0 35 81 81 0 41 75 83 0 0 0 0 0 0 0 -1 0 0 0 0 0 0 0 -1 -1 0 0 0 0 0 0 0 -1 
30 58 50 87 0 0 41 0 0 0 0 45 86 32 33 49 35 0 0 78 76 56 31 0 0 51 55 66 0 63 0 0 86 76 39 0 49 0 0 0 84 0 0 0 -1 0 0 0 0 0 -1 0 -1 -1 0 0 0 0 0 -1 -1 -1 0 -1 
66 78 89 0 0 64 0 33 0 84 0 0 38 37 0 30 55 0 85 0 0 51 54 79 80 0 58 58 0 76 54 53 55 0 76 0 81 69 54 72 84 61 0 -1 0 -1 -1 0 -1 0 -1 -1 -1 -1 -1 -1 -1 0 0 -1 0 0 -1 -1 
78 76 0 30 40 0 58 42 43 0 38 81 65 34 83 0 46 74 76 39 0 65 0 0 0 43 0 84 45 72 0 0 45 89 57 0 0 0 34 47 87 62 0 0 -1 -1 -1 0 -1 -1 -1 0 -1 0 -1 0 -1 0 -1 -1 -1 -1 -1 0 
0 0 0 0 86 87 67 0 52 37 0 52 68 81 79 45 70 0 0 67 89 0 70 0 87 39 0 0 38 39 44 56 0 0 36 82 61 62 38 0 51 0 80 0 0 0 -1 0 0 -1 0 -1 0 0 -1 0 0 0 0 0 -1 -1 0 -1 
49 0 85 55 46 77 0 82 0 0 0 84 51 0 87 67 0 0 67 36 68 82 60 33 69 56 30 0 63 0 64 52 60 0 65 0 72 62 41 0 66 68 0 0 41 0 0 0 0 0 -1 -1 0 0 0 -1 0 -1 0 0 0 0 0 -1 
84 0 42 34 0 86 0 48 0 0 56 79 0 41 0 0 0 52 0 0 68 0 0 0 49 70 53 0 0 73 0 35 80 49 30 0 34 50 0 0 0 64 0 0 0 56 0 0 0 0 0 0 0 -1 -1 -1 0 0 0 0 -1 -1 -1 -1 
0 0 0 0 0 86 0 0 73 43 45 0 67 0 0 0 49 34 0 0 84 0 0 70 77 46 0 60 76 0 0 0 51 53 80 70 0 43 82 82 59 41 64 49 62 73 78 0 -1 0 -1 0 0 0 -1 -1 0 -1 0 0 -1 0 0 0 
0 85 0 0 0 77 0 0 0 0 49 76 58 0 36 68 49 0 0 43 48 47 32 58 0 33 37 0 68 54 47 0 58 43 66 0 0 78 62 0 73 55 0 0 87 53 87 0 0 0 -1 -1 0 -1 0 0 0 0 -1 0 0 0 -1 0 
42 71 49 89 53 0 86 0 36 84 0 0 0 47 78 54 0 0 83 45 0 0 70 0 59 0 0 89 48 0 46 68 0 59 35 84 80 63 63 75 86 70 32 0 0 88 71 86 86 0 0 -1 -1 0 0 -1 -1 -1 -1 0 -1 -1 -1 0 
72 41 0 0 75 43 30 42 37 75 62 0 65 0 0 31 0 0 47 0 73 68 58 39 61 68 42 73 0 83 33 0 53 0 0 50 60 67 44 0 83 0 0 0 84 0 58 0 0 41 0 0 0 -1 -1 0 0 0 -1 0 -1 0 -1 0 
79 0 55 0 0 80 78 44 76 33 67 33 39 33 0 85 0 87 88 0 0 33 50 0 88 0 79 85 0 47 46 82 0 48 78 30 77 64 0 84 72 39 0 30 0 0 77 65 0 0 55 0 -1 0 -1 0 0 0 0 0 0 -1 0 0 
47 39 61 66 0 0 56 33 83 64 47 54 0 41 48 0 60 70 0 87 52 0 0 0 74 59 41 0 0 55 84 36 37 0 42 0 0 0 0 0 85 0 0 0 83 84 87 66 73 0 35 0 0 0 -1 -1 0 0 0 0 -1 -1 0 0 
0 68 87 0 0 52 79 46 49 63 68 0 0 57 0 0 45 74 0 47 55 40 0 36 75 31 75 30 0 0 0 0 33 44 71 73 44 74 87 79 55 0 0 52 45 74 0 43 0 59 0 75 58 0 0 0 0 0 -1 -1 -1 -1 -1 0 
41 0 83 76 0 63 43 0 0 88 55 50 54 40 0 85 87 49 0 61 0 87 0 0 55 0 74 43 40 38 0 67 60 81 82 0 0 44 54 66 0 57 0 0 0 79 0 0 74 33 0 0 0 54 0 -1 -1 -1 0 0 0 -1 0 0 
0 0 45 31 0 0 69 38 30 70 46 50 64 0 0 0 88 49 0 0 62 0 0 89 77 47 61 86 0 83 32 76 65 64 38 0 0 81 0 31 0 81 0 31 37 0 0 0 77 0 47 57 0 42 0 0 0 0 0 0 0 0 0 0 
0 0 64 52 34 0 60 32 74 0 0 73 79 68 89 58 0 0 33 61 31 61 0 33 0 35 57 56 0 0 39 0 33 61 0 0 0 52 55 42 48 41 0 0 63 79 61 83 58 0 43 68 72 47 0 49 0 -1 0 0 0 0 0 -1 
0 61 83 88 0 0 87 79 69 0 48 60 47 0 0 0 0 0 88 0 0 57 72 0 70 89 64 0 39 48 0 0 0 67 0 0 0 89 70 0 68 30 47 71 86 0 67 0 41 0 56 30 90 78 0 47 0 0 -1 0 0 0 0 -1 
0 32 42 0 0 0 86 52 0 65 81 0 0 67 0 50 0 36 0 0 89 72 58 84 87 88 57 34 76 71 87 48 0 34 0 51 31 0 49 0 88 67 69 0 33 88 72 36 0 0 0 33 42 0 90 61 65 0 0 0 0 -1 0 0 
0 0 0 78 72 63 0 49 85 0 0 89 31 0 0 86 90 30 54 0 0 40 68 86 0 32 0 69 30 0 72 0 0 0 71 0 0 80 0 0 32 0 0 0 64 42 56 59 67 51 72 79 79 0 85 60 88 43 88 0 0 0 -1 0 
0 33 38 42 0 0 41 0 60 54 0 36 0 0 0 83 71 68 89 80 0 31 38 0 0 43 81 43 58 54 73 56 74 77 33 90 0 64 67 50 37 0 73 0 0 42 0 0 65 0 0 63 0 0 30 71 54 63 45 43 0 0 -1 0 
0 0 72 0 0 50 0 86 63 0 32 0 0 0 0 0 78 0 0 31 60 65 0 62 34 68 74 46 36 32 0 36 0 0 78 0 74 40 30 62 67 0 61 0 0 75 0 63 50 0 63 0 0 0 0 51 72 58 0 70 40 0 0 0 
0 33 0 43 89 0 45 0 86 82 35 52 68 46 36 54 88 0 52 37 86 34 0 66 88 30 0 50 0 53 36 30 41 0 0 0 32 33 33 35 51 79 0 0 68 52 0 89 0 0 0 87 86 0 89 54 82 37 39 0 0 53 0 -1 
0 67 77 68 32 0 0 70 35 0 45 0 0 83 0 0 67 87 43 0 0 0 55 51 52 38 0 62 0 59 0 81 55 70 42 75 51 47 0 0 0 0 0 48 0 0 0 35 76 31 33 43 73 30 70 50 0 0 88 32 32 55 0 0 
